##FastQC	0.11.5
>>Basic Statistics	pass
#Measure	Value
Filename	Known_index_pair_R4.fastq
File type	Conventional base calls
Encoding	Sanger / Illumina 1.9
Total Sequences	84254357
Sequences flagged as poor quality	0
Sequence length	101
%GC	50
>>END_MODULE
>>Per base sequence quality	pass
#Base	Mean	Median	Lower Quartile	Upper Quartile	10th Percentile	90th Percentile
1	30.429756908595245	32.0	32.0	32.0	27.0	32.0
2	30.87761193168918	32.0	32.0	32.0	32.0	32.0
3	33.762315508502425	37.0	32.0	37.0	32.0	37.0
4	34.56982929678046	37.0	37.0	37.0	32.0	37.0
5	35.14688667079852	37.0	37.0	37.0	32.0	37.0
6	37.98438277797313	41.0	37.0	41.0	32.0	41.0
7	38.0659119860116	41.0	37.0	41.0	32.0	41.0
8	38.36339467880575	41.0	41.0	41.0	32.0	41.0
9	38.6529678577928	41.0	41.0	41.0	32.0	41.0
10-11	38.55487681782439	41.0	41.0	41.0	32.0	41.0
12-13	38.62979586325726	41.0	41.0	41.0	32.0	41.0
14-15	38.58824500909787	41.0	41.0	41.0	32.0	41.0
16-17	38.40179139934567	41.0	41.0	41.0	32.0	41.0
18-19	38.550991368909266	41.0	41.0	41.0	32.0	41.0
20-21	38.47974061448241	41.0	41.0	41.0	32.0	41.0
22-23	38.505290278341334	41.0	41.0	41.0	32.0	41.0
24-25	38.67753415410908	41.0	41.0	41.0	32.0	41.0
26-27	38.62022591306465	41.0	41.0	41.0	32.0	41.0
28-29	38.583899910363094	41.0	41.0	41.0	32.0	41.0
30-31	38.43256943376828	41.0	41.0	41.0	32.0	41.0
32-33	38.01296099737608	41.0	41.0	41.0	29.5	41.0
34-35	37.53360122966697	41.0	37.0	41.0	27.0	41.0
36-37	37.33034747389978	41.0	37.0	41.0	27.0	41.0
38-39	37.265187573623045	41.0	37.0	41.0	27.0	41.0
40-41	37.86509892894916	41.0	39.0	41.0	29.5	41.0
42-43	38.25420653913483	41.0	41.0	41.0	32.0	41.0
44-45	38.47163467166452	41.0	41.0	41.0	32.0	41.0
46-47	38.52585570144461	41.0	41.0	41.0	32.0	41.0
48-49	38.552316244013355	41.0	41.0	41.0	32.0	41.0
50-51	38.51972165664975	41.0	41.0	41.0	32.0	41.0
52-53	38.52240082373426	41.0	41.0	41.0	32.0	41.0
54-55	38.48205378862484	41.0	41.0	41.0	32.0	41.0
56-57	38.43515093824762	41.0	41.0	41.0	32.0	41.0
58-59	38.38853221560993	41.0	41.0	41.0	32.0	41.0
60-61	38.34599385762329	41.0	41.0	41.0	32.0	41.0
62-63	38.30639185223383	41.0	41.0	41.0	32.0	41.0
64-65	38.27329234736193	41.0	41.0	41.0	32.0	41.0
66-67	38.28720217400745	41.0	41.0	41.0	32.0	41.0
68-69	38.2271264440366	41.0	41.0	41.0	32.0	41.0
70-71	38.15089231527813	41.0	41.0	41.0	32.0	41.0
72-73	38.076898943042195	41.0	41.0	41.0	32.0	41.0
74-75	38.04730299585575	41.0	41.0	41.0	32.0	41.0
76-77	37.49026118613664	41.0	39.0	41.0	29.5	41.0
78-79	37.76630049529664	41.0	37.0	41.0	29.5	41.0
80-81	38.007590723171745	41.0	39.0	41.0	32.0	41.0
82-83	38.0611248448552	41.0	41.0	41.0	32.0	41.0
84-85	38.00258715403881	41.0	41.0	41.0	32.0	41.0
86-87	37.93296648148416	41.0	39.0	41.0	29.5	41.0
88-89	37.8393872437956	41.0	37.0	41.0	27.0	41.0
90-91	37.68505133805721	41.0	37.0	41.0	27.0	41.0
92-93	37.59251310291289	41.0	37.0	41.0	27.0	41.0
94-95	37.46370935452038	41.0	37.0	41.0	27.0	41.0
96-97	37.38860071651844	41.0	37.0	41.0	27.0	41.0
98-99	37.30428707087516	41.0	37.0	41.0	27.0	41.0
100-101	36.25014013815333	41.0	34.5	41.0	24.5	41.0
>>END_MODULE
>>Per tile sequence quality	pass
#Tile	Base	Mean
1101	1	-0.22031952545847133
1101	2	-0.3838966058081468
1101	3	-0.6393218217600278
1101	4	-0.6054311311686575
1101	5	-0.5668197012774456
1101	6	-0.9180304286375929
1101	7	-0.17227895675048188
1101	8	0.03259333757815597
1101	9	0.12369921584672028
1101	10-11	0.2207874641660439
1101	12-13	0.13137235113638468
1101	14-15	0.1251540940801732
1101	16-17	0.0949537111174692
1101	18-19	0.03000915418811445
1101	20-21	0.10566024399462748
1101	22-23	0.031152022671477653
1101	24-25	-0.04778097567343309
1101	26-27	-0.011334573366475809
1101	28-29	0.006326950852823643
1101	30-31	0.10627509848720251
1101	32-33	0.25419438679269035
1101	34-35	0.3214960623865082
1101	36-37	0.41016876701116445
1101	38-39	0.2548885613552372
1101	40-41	9.220929367330655E-4
1101	42-43	-0.040947954653759666
1101	44-45	-0.0818529363331848
1101	46-47	-0.05190199580074761
1101	48-49	-0.07988761210653195
1101	50-51	-0.07779735401545906
1101	52-53	-0.07118410435923295
1101	54-55	-0.06166396607090263
1101	56-57	-0.06942159341230791
1101	58-59	-0.08680547747496803
1101	60-61	-0.08616738793457301
1101	62-63	-0.14582105529163414
1101	64-65	-0.1595940607369286
1101	66-67	-0.1116416435734422
1101	68-69	-0.15889312092715357
1101	70-71	-0.12092170688107728
1101	72-73	-0.10710025010234858
1101	74-75	-0.13687729011033412
1101	76-77	-0.26104052967490077
1101	78-79	-0.1637033450621317
1101	80-81	-0.13065573788244933
1101	82-83	-0.162154399883768
1101	84-85	-0.16201760666689324
1101	86-87	-0.21814251281852393
1101	88-89	-0.24209045787134897
1101	90-91	-0.18798779357476292
1101	92-93	-0.18595017723060892
1101	94-95	-0.13373490125727727
1101	96-97	-0.13435873300501555
1101	98-99	-0.22018779359770235
1101	100-101	-0.31514421902664225
1102	1	-0.31898260670251233
1102	2	-0.4544983193462606
1102	3	-0.8896985590369724
1102	4	-0.7773324484062769
1102	5	-0.8340726225699626
1102	6	-1.0622225998611228
1102	7	-0.8787670662698801
1102	8	-0.5151766349214739
1102	9	-0.2818538656048517
1102	10-11	-0.05385853390625073
1102	12-13	-0.046033553106347824
1102	14-15	-0.07218032425522125
1102	16-17	-0.10196670915247097
1102	18-19	-0.13663966836501373
1102	20-21	-0.11593058843813253
1102	22-23	-0.1646211368133379
1102	24-25	-0.23688467566788773
1102	26-27	-0.07464451619642887
1102	28-29	-0.06513649773830821
1102	30-31	-0.05206254463176663
1102	32-33	0.0676852703541897
1102	34-35	0.19887701019796822
1102	36-37	0.15528400599370684
1102	38-39	0.07078864799880336
1102	40-41	-0.09572791638308331
1102	42-43	-0.1496307055421724
1102	44-45	-0.20602638564212583
1102	46-47	-0.21205469564888801
1102	48-49	-0.2876346657077491
1102	50-51	-0.17777447918902567
1102	52-53	-0.2696832284066204
1102	54-55	-0.19567991255200923
1102	56-57	-0.21942160582022296
1102	58-59	-0.23412335716261623
1102	60-61	-0.23989017111289002
1102	62-63	-0.23080065573401498
1102	64-65	-0.1831104085733486
1102	66-67	-0.20424111963568947
1102	68-69	-0.21376884169649912
1102	70-71	-0.19293567255662936
1102	72-73	-0.19756728408679436
1102	74-75	-0.27645423055777485
1102	76-77	-0.6219206275535498
1102	78-79	-0.34997081330475055
1102	80-81	-0.2452447051729223
1102	82-83	-0.32628380265326484
1102	84-85	-0.29673259108794525
1102	86-87	-0.2925615619940274
1102	88-89	-0.3145004942141014
1102	90-91	-0.26631242216173234
1102	92-93	-0.35474666055289816
1102	94-95	-0.31227452242185194
1102	96-97	-0.37793470008818275
1102	98-99	-0.4075203094842763
1102	100-101	-0.49185111444985097
1103	1	-0.5372027117165068
1103	2	-0.4404923762612931
1103	3	-0.9209252348304133
1103	4	-0.7411350245371224
1103	5	-0.8189551997088103
1103	6	-0.7600506081421443
1103	7	-0.8065318186394279
1103	8	-0.8299912627883756
1103	9	-0.3274500457360574
1103	10-11	-0.10920341469533668
1103	12-13	-0.07561725184559265
1103	14-15	-0.10365562637407777
1103	16-17	-0.11435447815895117
1103	18-19	-0.13431672776241754
1103	20-21	-0.10956706166487606
1103	22-23	-0.1796760116817353
1103	24-25	-0.1843067902229265
1103	26-27	-0.16709761748727914
1103	28-29	-0.14485915783768633
1103	30-31	-0.16636898842930492
1103	32-33	-0.10336373324689418
1103	34-35	-0.08239350266124745
1103	36-37	-0.06325276764305698
1103	38-39	-0.226257543851915
1103	40-41	-0.3041983078147794
1103	42-43	-0.33977465098023885
1103	44-45	-0.26064967429554287
1103	46-47	-0.2524073966444931
1103	48-49	-0.2778588445328367
1103	50-51	-0.22585161148596455
1103	52-53	-0.23869471235237683
1103	54-55	-0.2751793505791085
1103	56-57	-0.2938016020202383
1103	58-59	-0.2917617722640955
1103	60-61	-0.24317245359699058
1103	62-63	-0.22710774206740325
1103	64-65	-0.2115508264874748
1103	66-67	-0.22046323853751204
1103	68-69	-0.29243323948654876
1103	70-71	-0.26175792147894583
1103	72-73	-0.2645906669011566
1103	74-75	-0.32615577326895107
1103	76-77	-0.35113889921634467
1103	78-79	-0.3301936274790336
1103	80-81	-0.29641108487756185
1103	82-83	-0.27711965668303407
1103	84-85	-0.3229626380818189
1103	86-87	-0.34862765574946053
1103	88-89	-0.41452876632077107
1103	90-91	-0.417723941071074
1103	92-93	-0.35042863188628104
1103	94-95	-0.3939041832961294
1103	96-97	-0.4158627017135643
1103	98-99	-0.4524486089264954
1103	100-101	-0.5888797009446236
1104	1	-0.2693144462621184
1104	2	-0.4255125417889296
1104	3	-0.8690390818078981
1104	4	-0.7022210058024072
1104	5	-0.6298730905455656
1104	6	-0.893160055547952
1104	7	-0.7966455873893281
1104	8	-0.9725981480113717
1104	9	-0.7233392727533072
1104	10-11	-0.40572337910178646
1104	12-13	-0.08082209240218674
1104	14-15	-0.05888386143122659
1104	16-17	-0.08393969257321032
1104	18-19	-0.11362572102017765
1104	20-21	-0.08841863269932304
1104	22-23	-0.12916611532937594
1104	24-25	-0.09724215779133516
1104	26-27	-0.10842327167824095
1104	28-29	-0.11902257815700779
1104	30-31	-0.06149476495308903
1104	32-33	0.0035251612899287466
1104	34-35	0.014833339024171721
1104	36-37	0.002498970123419042
1104	38-39	-0.09950247641279475
1104	40-41	-0.23123104357888025
1104	42-43	-0.24194439716063698
1104	44-45	-0.1590893564344924
1104	46-47	-0.12395393841528346
1104	48-49	-0.1228385344012608
1104	50-51	-0.15339635898619264
1104	52-53	-0.13091605674360807
1104	54-55	-0.13406190220411673
1104	56-57	-0.17963680590756326
1104	58-59	-0.18482432898342438
1104	60-61	-0.16137390966520826
1104	62-63	-0.15440113160204305
1104	64-65	-0.1776632525207944
1104	66-67	-0.1737155563489452
1104	68-69	-0.19269407206243017
1104	70-71	-0.1435109896185267
1104	72-73	-0.12340835662697458
1104	74-75	-0.12829544895198097
1104	76-77	-0.20844662125279
1104	78-79	-0.19757397343762761
1104	80-81	-0.1811761974392141
1104	82-83	-0.1726650095331692
1104	84-85	-0.19279141549723278
1104	86-87	-0.20045276654937538
1104	88-89	-0.2241936705308305
1104	90-91	-0.23090525945606544
1104	92-93	-0.213770739530311
1104	94-95	-0.2938943640762446
1104	96-97	-0.2870731424600308
1104	98-99	-0.22410381249269307
1104	100-101	-0.31604468587924117
1105	1	-0.14622573904426162
1105	2	-0.38055795144429894
1105	3	-0.6624429193623058
1105	4	-0.5286219382194375
1105	5	-0.5014096006944726
1105	6	-0.770180647598913
1105	7	-0.6893222662740968
1105	8	-0.7784953794809937
1105	9	-0.8045890248329428
1105	10-11	-0.7852760114054647
1105	12-13	-0.11844507982254981
1105	14-15	-0.07132894708314552
1105	16-17	-0.01805628662371106
1105	18-19	-0.04962490475958248
1105	20-21	-0.05439173774527717
1105	22-23	-0.08121988651548406
1105	24-25	-0.10719714220814325
1105	26-27	-0.09433164527487037
1105	28-29	-0.06233203394669573
1105	30-31	-0.017038667335633306
1105	32-33	0.09268505394238247
1105	34-35	0.19546924346531114
1105	36-37	0.23916202160585698
1105	38-39	0.12597148865613406
1105	40-41	-0.06973361194140182
1105	42-43	-0.1300767603509243
1105	44-45	-0.11827993298170014
1105	46-47	-0.1663797246130656
1105	48-49	-0.1339626953187789
1105	50-51	-0.1007831067010656
1105	52-53	-0.10154902032775937
1105	54-55	-0.078903307245767
1105	56-57	-0.14026846235491774
1105	58-59	-0.16693243645553935
1105	60-61	-0.1217042948419973
1105	62-63	-0.16883785018228537
1105	64-65	-0.1811563005222112
1105	66-67	-0.1942776842323326
1105	68-69	-0.10691805218379358
1105	70-71	-0.1393866713558154
1105	72-73	-0.11506425146414756
1105	74-75	-0.13442180974281825
1105	76-77	-0.15120348238908576
1105	78-79	-0.23376149196725038
1105	80-81	-0.15554795468932525
1105	82-83	-0.12634212994388605
1105	84-85	-0.16993453299273398
1105	86-87	-0.13205883919943773
1105	88-89	-0.24093074869960418
1105	90-91	-0.18876434609252613
1105	92-93	-0.19609237674198
1105	94-95	-0.26928274911490035
1105	96-97	-0.2654012748651837
1105	98-99	-0.2977395048578657
1105	100-101	-0.35397247292859646
1106	1	-0.24400931728906272
1106	2	-0.4248497574245782
1106	3	-0.45213371951716397
1106	4	-0.49374909099250885
1106	5	-0.40357215933677537
1106	6	-0.5527940241655145
1106	7	-0.5889293853051285
1106	8	-0.7015242359876552
1106	9	-0.736803496036174
1106	10-11	-0.669115287588042
1106	12-13	-0.37471314488498564
1106	14-15	-0.28359110475185645
1106	16-17	-0.1536532562009043
1106	18-19	-0.17600884040032128
1106	20-21	-0.12627353240957007
1106	22-23	-0.1578033403599548
1106	24-25	-0.1691714881950972
1106	26-27	-0.20661263221796133
1106	28-29	-0.19695867422930036
1106	30-31	-0.21842640705114746
1106	32-33	-0.16019338966488306
1106	34-35	-0.049008389255142504
1106	36-37	-0.03574176940983165
1106	38-39	-0.1633218520849269
1106	40-41	-0.22663131139992743
1106	42-43	-0.2768016815342804
1106	44-45	-0.30396402019814417
1106	46-47	-0.2572944082758255
1106	48-49	-0.25699217548196174
1106	50-51	-0.15060002913955373
1106	52-53	-0.19939307413577723
1106	54-55	-0.19693791892809287
1106	56-57	-0.1898431256112758
1106	58-59	-0.16964380255970468
1106	60-61	-0.21282767489317678
1106	62-63	-0.22404478169949726
1106	64-65	-0.22338635441827392
1106	66-67	-0.17255995966918647
1106	68-69	-0.28273888552144655
1106	70-71	-0.2162924606498393
1106	72-73	-0.1973061439087047
1106	74-75	-0.24837080664217126
1106	76-77	-0.33468964482617025
1106	78-79	-0.29268394585945146
1106	80-81	-0.23410558053692654
1106	82-83	-0.28885925960915415
1106	84-85	-0.28199543221697354
1106	86-87	-0.28469122465469354
1106	88-89	-0.3250141987161683
1106	90-91	-0.2823091452986475
1106	92-93	-0.36258588360963273
1106	94-95	-0.3128549171931283
1106	96-97	-0.28813704391885153
1106	98-99	-0.351904722032117
1106	100-101	-0.26774657200731866
1107	1	-0.4579851308493694
1107	2	-0.20985345014082668
1107	3	-0.581688616246808
1107	4	-0.47431400227885234
1107	5	-0.4584822968170741
1107	6	-0.412782296567606
1107	7	-0.38917129621797386
1107	8	-0.45542331514428724
1107	9	-0.48502397859599
1107	10-11	-0.4770833727638575
1107	12-13	-0.596321069534234
1107	14-15	-0.6092978871661927
1107	16-17	-0.23873643460759553
1107	18-19	-0.11921911425941545
1107	20-21	-0.0872840381879314
1107	22-23	-0.096291742693424
1107	24-25	-0.08785376024727753
1107	26-27	-0.08424129125207713
1107	28-29	-0.06620814102249994
1107	30-31	-0.2004195307565837
1107	32-33	-0.010392555555199579
1107	34-35	0.07503408081658591
1107	36-37	0.06966209411843494
1107	38-39	-0.027009607094854005
1107	40-41	-0.13243241948924833
1107	42-43	-0.1860960297980725
1107	44-45	-0.2117049367426489
1107	46-47	-0.17774200077218438
1107	48-49	-0.13812966736342958
1107	50-51	-0.11065942141453178
1107	52-53	-0.14525490419320874
1107	54-55	-0.10424088722207614
1107	56-57	-0.16013535374649024
1107	58-59	-0.15801553473054497
1107	60-61	-0.15590493521442284
1107	62-63	-0.2029192960361712
1107	64-65	-0.15304840745130832
1107	66-67	-0.13836022287375727
1107	68-69	-0.11064333249418468
1107	70-71	-0.18685544589799719
1107	72-73	-0.15499619668537434
1107	74-75	-0.14059387957659197
1107	76-77	-0.21540852455071047
1107	78-79	-0.13068873906523493
1107	80-81	-0.1819260064717909
1107	82-83	-0.29097946825573473
1107	84-85	-0.1911285610515847
1107	86-87	-0.24365912918602106
1107	88-89	-0.2105585138456263
1107	90-91	-0.1990828495228385
1107	92-93	-0.20384315313277312
1107	94-95	-0.1910083830919902
1107	96-97	-0.229903318727267
1107	98-99	-0.14920146066260997
1107	100-101	-0.06785418423837797
1108	1	-0.5988417706150102
1108	2	-0.35503183613835887
1108	3	-0.8298729135127587
1108	4	-0.6078056872991624
1108	5	-0.3452201058776154
1108	6	-0.5903654159328013
1108	7	-0.5624810687924509
1108	8	-0.572113417525216
1108	9	-0.5250903181429933
1108	10-11	-0.6919972207514604
1108	12-13	-0.8026608960201287
1108	14-15	-0.9291362060574215
1108	16-17	-0.36341946516268564
1108	18-19	-0.11540903455230733
1108	20-21	-0.027058909276043153
1108	22-23	-0.04623165822736297
1108	24-25	-0.026194901860698394
1108	26-27	-0.0056773707031894105
1108	28-29	-0.05302969415873804
1108	30-31	-0.0300857360698501
1108	32-33	0.03862626225181032
1108	34-35	0.05226700861571487
1108	36-37	0.10526793687176195
1108	38-39	-0.002637087038408481
1108	40-41	-0.06910537996272126
1108	42-43	-0.08862622888441507
1108	44-45	-0.10521952965911652
1108	46-47	-0.09031509082670652
1108	48-49	-0.09179662259194998
1108	50-51	-0.076004080791364
1108	52-53	-0.08123263259280833
1108	54-55	-0.02033902146747124
1108	56-57	-0.05931474667716685
1108	58-59	-0.06594622193767918
1108	60-61	-0.04529026103047329
1108	62-63	-0.0182485803256327
1108	64-65	-0.0699964460635698
1108	66-67	-0.0827413774107697
1108	68-69	-0.029652389799551315
1108	70-71	-0.0678304624524344
1108	72-73	-0.09199517037228588
1108	74-75	-0.07349302469675933
1108	76-77	-0.013590934705121072
1108	78-79	-0.09959002425213725
1108	80-81	-0.08024495576471935
1108	82-83	-0.03779003933967573
1108	84-85	-0.0916047026954061
1108	86-87	-0.06849372343835824
1108	88-89	-0.12276795954580422
1108	90-91	-0.09764071629521709
1108	92-93	-0.06036151486129171
1108	94-95	-0.07663965172178422
1108	96-97	-0.03530547014592855
1108	98-99	-0.05108709634225761
1108	100-101	-0.07364317099141715
1109	1	-0.23634193775414403
1109	2	-0.15131975387217977
1109	3	-0.5120993420671809
1109	4	-0.4303178151444129
1109	5	-0.28585532575141315
1109	6	-0.5076476770489151
1109	7	-0.3415243627647868
1109	8	-0.6078647294890018
1109	9	-0.4310510377410566
1109	10-11	-0.5453952891609077
1109	12-13	-0.4671189267254974
1109	14-15	-0.4663825692165702
1109	16-17	-0.2502548619671714
1109	18-19	-0.09456166015501566
1109	20-21	0.03870684294950877
1109	22-23	-0.024983759841305186
1109	24-25	-0.0130393468179264
1109	26-27	0.01095143609770588
1109	28-29	-0.11044235524247625
1109	30-31	0.03435289408714226
1109	32-33	0.07561270674780474
1109	34-35	0.07508958296282486
1109	36-37	0.056030829944909044
1109	38-39	0.010524967053228806
1109	40-41	-0.12164128000151919
1109	42-43	-0.09375346886878333
1109	44-45	-0.04450595843690763
1109	46-47	0.011673005103745027
1109	48-49	0.012498392710547535
1109	50-51	-0.02356969221192884
1109	52-53	-0.06387702755448998
1109	54-55	-0.013654824739298022
1109	56-57	-0.007803852584650883
1109	58-59	-0.025978136529104745
1109	60-61	-0.11754367894512541
1109	62-63	-0.12619960607311498
1109	64-65	-0.09853418474504849
1109	66-67	-0.0174808994967961
1109	68-69	-0.00915788333792733
1109	70-71	-0.0860038766739919
1109	72-73	-0.07619019174703112
1109	74-75	-0.023448859104831854
1109	76-77	0.1095882734217497
1109	78-79	0.030450624260083714
1109	80-81	-0.05615362391854717
1109	82-83	-0.014565504188183809
1109	84-85	-0.03836211578906301
1109	86-87	-0.020819410119806037
1109	88-89	-0.07799803288643403
1109	90-91	-0.10604145109388696
1109	92-93	-0.026725320219689763
1109	94-95	-0.024953164065387057
1109	96-97	-0.051101536513101564
1109	98-99	-0.03885181711987684
1109	100-101	0.046509672173677075
1110	1	-0.28406074318500885
1110	2	-0.04159832392940643
1110	3	-0.36826046888198505
1110	4	-0.20820323739642532
1110	5	-0.24948906889606093
1110	6	-0.4310968800426309
1110	7	-0.2321717977229696
1110	8	-0.2176239703048779
1110	9	-0.19832066016390826
1110	10-11	-0.03857304177962817
1110	12-13	-0.026805706753123104
1110	14-15	0.01489660435215967
1110	16-17	-0.003862362753558557
1110	18-19	-0.09987695376998573
1110	20-21	-0.008259000809886174
1110	22-23	0.01923038048120418
1110	24-25	0.04210198018093081
1110	26-27	0.07701121860679194
1110	28-29	0.005778169460199933
1110	30-31	0.09370069324598518
1110	32-33	0.05643690553809222
1110	34-35	0.15600627162714176
1110	36-37	0.13526340241962487
1110	38-39	0.1477095820663834
1110	40-41	0.0628344879724807
1110	42-43	0.06434791232184267
1110	44-45	0.04121418736770721
1110	46-47	0.004901926391525535
1110	48-49	-0.0508625288951734
1110	50-51	-0.03606896465210241
1110	52-53	-0.10955411686595795
1110	54-55	-0.04815534224676554
1110	56-57	-0.010728150157795824
1110	58-59	1.2631217974501396E-4
1110	60-61	-0.03668153876256497
1110	62-63	-0.014652440991909543
1110	64-65	-3.0884704716527267E-4
1110	66-67	0.04210333408257583
1110	68-69	0.01093074728401433
1110	70-71	0.056403851412198946
1110	72-73	-0.05672885741746825
1110	74-75	-0.029130343038190176
1110	76-77	-0.07025180940286901
1110	78-79	-0.11608362497969438
1110	80-81	-0.10039377277396966
1110	82-83	-0.06251083345872388
1110	84-85	0.02763022811503646
1110	86-87	0.01395760411730862
1110	88-89	0.013053759400648346
1110	90-91	-0.008350045926043492
1110	92-93	-0.021056180276950442
1110	94-95	0.007911358775899657
1110	96-97	-0.039180331607724384
1110	98-99	-0.06072242362049707
1110	100-101	0.01973243423602611
1111	1	0.01040782157920006
1111	2	-0.005382737938276705
1111	3	-0.11362577278824659
1111	4	-0.02206598624486844
1111	5	0.07832721510938967
1111	6	0.14556104896936972
1111	7	0.1885318851065918
1111	8	0.25578766971588607
1111	9	0.23053472749646886
1111	10-11	0.2269994229180483
1111	12-13	0.2030289667301659
1111	14-15	0.13595968746420795
1111	16-17	0.10110352509391163
1111	18-19	0.05114564592122406
1111	20-21	0.15983421883628068
1111	22-23	0.10565040776201329
1111	24-25	0.0781366543113009
1111	26-27	0.09625668484216732
1111	28-29	0.025981499179664524
1111	30-31	0.1084504952834493
1111	32-33	0.17783971145662747
1111	34-35	0.24769853906867212
1111	36-37	0.27161956583641
1111	38-39	0.2622314834085415
1111	40-41	0.09075027159973104
1111	42-43	0.08238042387420563
1111	44-45	0.08821755441676515
1111	46-47	0.0665074168622084
1111	48-49	0.05281193218981883
1111	50-51	-0.023362899676726556
1111	52-53	-0.003201215240039801
1111	54-55	0.04844489788796835
1111	56-57	0.07966519220092749
1111	58-59	0.08485623858850033
1111	60-61	0.042273481304548
1111	62-63	0.10364885263004453
1111	64-65	0.09700843763972955
1111	66-67	0.07883475355207992
1111	68-69	0.09357779216060891
1111	70-71	0.06500031128943817
1111	72-73	0.07347145400441946
1111	74-75	0.06247452792002406
1111	76-77	0.12278571517214942
1111	78-79	0.05766701902737026
1111	80-81	0.040621646109087806
1111	82-83	0.016829692421858056
1111	84-85	0.019474860818782247
1111	86-87	0.009459306343224227
1111	88-89	0.0519103451564078
1111	90-91	0.035895840673006774
1111	92-93	0.06087041534572535
1111	94-95	0.0527791070801058
1111	96-97	0.10366602450460505
1111	98-99	0.10210218668412807
1111	100-101	0.041575888664262095
1112	1	0.33711741910426696
1112	2	0.06572722056023039
1112	3	0.2872207486698102
1112	4	0.35290497942778387
1112	5	0.35865261195984033
1112	6	0.53453044316214
1112	7	0.5247331286513841
1112	8	0.512451825371393
1112	9	0.36166761789628055
1112	10-11	0.3832108642100778
1112	12-13	0.2783270448245574
1112	14-15	0.30067207473892665
1112	16-17	0.2894550574078423
1112	18-19	0.21872852118394803
1112	20-21	0.23878805230881994
1112	22-23	0.23644737573540198
1112	24-25	0.23065064268894986
1112	26-27	0.2386055568576353
1112	28-29	0.2231347743834391
1112	30-31	0.22169722674396297
1112	32-33	0.29823624914531877
1112	34-35	0.380264053768407
1112	36-37	0.3523062976641995
1112	38-39	0.3721578684776077
1112	40-41	0.2466548798023922
1112	42-43	0.2445175139379856
1112	44-45	0.20016515826616654
1112	46-47	0.16104407860517256
1112	48-49	0.15038412320675576
1112	50-51	0.1387966284671336
1112	52-53	0.14295848342044337
1112	54-55	0.18764774321315514
1112	56-57	0.1502266484951491
1112	58-59	0.153104093694175
1112	60-61	0.17163201824153873
1112	62-63	0.18192261306859336
1112	64-65	0.1780241436128378
1112	66-67	0.19048117911774654
1112	68-69	0.19359401583246694
1112	70-71	0.1787109835877203
1112	72-73	0.16227093688882377
1112	74-75	0.17369423643829407
1112	76-77	0.2300226050715537
1112	78-79	0.17603030956442467
1112	80-81	0.19105511338899817
1112	82-83	0.19242729601894126
1112	84-85	0.1931147548668264
1112	86-87	0.25116704635148324
1112	88-89	0.2217234613888408
1112	90-91	0.19407002326955336
1112	92-93	0.20501199178355733
1112	94-95	0.19652346855610148
1112	96-97	0.20203596384025957
1112	98-99	0.1591365495065986
1112	100-101	-0.004061139117204959
1113	1	0.2504515894943644
1113	2	0.18900003160383605
1113	3	0.5725550100552965
1113	4	0.5088454600834922
1113	5	0.3857536509785717
1113	6	0.5713327743891554
1113	7	0.5026426767147996
1113	8	0.4750702808285041
1113	9	0.34456193650272837
1113	10-11	0.3876160820686181
1113	12-13	0.2892593361614715
1113	14-15	0.2536139778788282
1113	16-17	0.22201628738336154
1113	18-19	0.207636319039203
1113	20-21	0.20533300494773954
1113	22-23	0.1851019630380364
1113	24-25	0.16936266347094175
1113	26-27	0.2138434567413512
1113	28-29	0.21773834917078716
1113	30-31	0.2227496881076192
1113	32-33	0.2832689266995274
1113	34-35	0.3761229443751617
1113	36-37	0.38229457520117194
1113	38-39	0.3283936461235797
1113	40-41	0.2057434557476654
1113	42-43	0.16259625513079357
1113	44-45	0.16010420098773182
1113	46-47	0.15157204936681978
1113	48-49	0.15406521591790323
1113	50-51	0.15908937041761106
1113	52-53	0.1556056666589427
1113	54-55	0.14043273059190398
1113	56-57	0.1725702537204583
1113	58-59	0.1469401348348356
1113	60-61	0.1772899890638584
1113	62-63	0.1783668004731851
1113	64-65	0.16745741148661608
1113	66-67	0.17770392611291896
1113	68-69	0.15660577818761112
1113	70-71	0.16622913506810733
1113	72-73	0.18727703059667533
1113	74-75	0.19337655001704235
1113	76-77	0.27807685866790166
1113	78-79	0.21553365028324833
1113	80-81	0.18960105001672645
1113	82-83	0.17497117884627045
1113	84-85	0.16525375568645018
1113	86-87	0.1622005762758576
1113	88-89	0.11610488439088584
1113	90-91	0.16820857048283244
1113	92-93	0.15701278192140222
1113	94-95	0.18485525007526604
1113	96-97	0.17709178958438088
1113	98-99	0.17057021264948702
1113	100-101	0.23680338720772198
1114	1	0.4430026665052935
1114	2	0.22118228985410937
1114	3	0.4996682581285228
1114	4	0.4939546402586359
1114	5	0.3751552486000733
1114	6	0.59887374340083
1114	7	0.5792571530708628
1114	8	0.49379785903204976
1114	9	0.3936974876764836
1114	10-11	0.37688694867534167
1114	12-13	0.25707487839401466
1114	14-15	0.3020966748988059
1114	16-17	0.25045559294458997
1114	18-19	0.2089730255218072
1114	20-21	0.18069247552221412
1114	22-23	0.19722137789990768
1114	24-25	0.2006526189147948
1114	26-27	0.21444816557913526
1114	28-29	0.22283203088225179
1114	30-31	0.26179213002122736
1114	32-33	0.3063992409869769
1114	34-35	0.4335138903176343
1114	36-37	0.4150612587751752
1114	38-39	0.36417710634016487
1114	40-41	0.23995245372653073
1114	42-43	0.230557269061741
1114	44-45	0.17712317832292257
1114	46-47	0.16434008247011178
1114	48-49	0.06672670865894048
1114	50-51	0.17398208214895305
1114	52-53	0.16002673435384196
1114	54-55	0.16120356083762033
1114	56-57	0.11596032870826178
1114	58-59	0.09071318044527743
1114	60-61	0.11144468456190282
1114	62-63	0.12883978148963848
1114	64-65	0.14611629936992898
1114	66-67	0.14103769408962563
1114	68-69	0.16674732986577823
1114	70-71	0.14399039388057133
1114	72-73	0.12907203616299512
1114	74-75	0.15311625812161367
1114	76-77	0.21378688455449435
1114	78-79	0.22698678959092433
1114	80-81	0.17556927290959123
1114	82-83	0.14304605311850338
1114	84-85	0.1447037673702738
1114	86-87	0.1594332211565188
1114	88-89	0.18440302436810185
1114	90-91	0.18719577266892173
1114	92-93	0.17652496019785957
1114	94-95	0.21979705817432915
1114	96-97	0.21074522629105275
1114	98-99	0.17441647225158619
1114	100-101	0.3130049717391543
1115	1	0.3310583849806541
1115	2	0.2682809904423493
1115	3	0.8014002006247267
1115	4	0.5464728559882133
1115	5	0.4989920695112886
1115	6	0.7552497676509304
1115	7	0.7058423131067002
1115	8	0.5941056805525449
1115	9	0.5414611771611533
1115	10-11	0.44927923523376023
1115	12-13	0.4158915791240716
1115	14-15	0.4208657932453548
1115	16-17	0.39054734658987655
1115	18-19	0.351888592139467
1115	20-21	0.3000122152716287
1115	22-23	0.31516375645082917
1115	24-25	0.295105251759324
1115	26-27	0.26328151221013485
1115	28-29	0.2664652115297912
1115	30-31	0.30241400744913705
1115	32-33	0.36364060691931854
1115	34-35	0.473773199392177
1115	36-37	0.47498209263145696
1115	38-39	0.4726657433338133
1115	40-41	0.38231613570978595
1115	42-43	0.29616608335287964
1115	44-45	0.2252062679470228
1115	46-47	0.24927029457774097
1115	48-49	0.2531118715488603
1115	50-51	0.2533241156809538
1115	52-53	0.24218811324815448
1115	54-55	0.21537745221180415
1115	56-57	0.2133007088366199
1115	58-59	0.23530283629905568
1115	60-61	0.2567650157322987
1115	62-63	0.24042469444810166
1115	64-65	0.2276961684810388
1115	66-67	0.16879491925670465
1115	68-69	0.22216149967361076
1115	70-71	0.21381494186339012
1115	72-73	0.27488912684120237
1115	74-75	0.293643894429394
1115	76-77	0.32010323858000334
1115	78-79	0.2995470559478619
1115	80-81	0.2641470262055634
1115	82-83	0.2777996812891601
1115	84-85	0.2737212631754886
1115	86-87	0.28653748764692466
1115	88-89	0.28204288175322034
1115	90-91	0.29053285045581134
1115	92-93	0.3195982818188341
1115	94-95	0.2913552176284
1115	96-97	0.2897318728266782
1115	98-99	0.26522776790685754
1115	100-101	0.27511841432367845
1116	1	0.4010156609992954
1116	2	0.28458666572760905
1116	3	0.7793103689825358
1116	4	0.6429965510062559
1116	5	0.49914409194148135
1116	6	0.7305034412678495
1116	7	0.7137033103719759
1116	8	0.6283699203978799
1116	9	0.4970574505941059
1116	10-11	0.5049098145776583
1116	12-13	0.42524336808904195
1116	14-15	0.4195624036364194
1116	16-17	0.4264325956833446
1116	18-19	0.36649805033717797
1116	20-21	0.3572252290178213
1116	22-23	0.32974760159073924
1116	24-25	0.3065984089152636
1116	26-27	0.3345070348064354
1116	28-29	0.3287382649021282
1116	30-31	0.38787922321390766
1116	32-33	0.4613294514898385
1116	34-35	0.5587140538202888
1116	36-37	0.5938976892044678
1116	38-39	0.6039545187882425
1116	40-41	0.47122316920973617
1116	42-43	0.40160046447983433
1116	44-45	0.36243785400937867
1116	46-47	0.34074447693942034
1116	48-49	0.3044444088949163
1116	50-51	0.29482099705595033
1116	52-53	0.3186877552285168
1116	54-55	0.2917188802456252
1116	56-57	0.2919323542395844
1116	58-59	0.3157830651265243
1116	60-61	0.33906715501866813
1116	62-63	0.3681473349876896
1116	64-65	0.31946723532364985
1116	66-67	0.301853425881184
1116	68-69	0.33728683017549344
1116	70-71	0.3411182677941582
1116	72-73	0.3580137361351561
1116	74-75	0.338002737465132
1116	76-77	0.42006527027743346
1116	78-79	0.37868574158002133
1116	80-81	0.3308255700916902
1116	82-83	0.37899757371567233
1116	84-85	0.3456682759964309
1116	86-87	0.3896247547959817
1116	88-89	0.4013438519650805
1116	90-91	0.3398861743101804
1116	92-93	0.3795562323833721
1116	94-95	0.3975461125076549
1116	96-97	0.42471729651744283
1116	98-99	0.39961469495727187
1116	100-101	0.5197809829976947
1117	1	0.22647079315853347
1117	2	0.2718039514317212
1117	3	0.6566245974778155
1117	4	0.5381619585779163
1117	5	0.409537030771844
1117	6	0.6188916953387391
1117	7	0.5309878801197456
1117	8	0.4290734601385182
1117	9	0.3895379249170361
1117	10-11	0.3259967977503777
1117	12-13	0.2976639935679657
1117	14-15	0.28938920153829883
1117	16-17	0.24377710082661963
1117	18-19	0.24097501935181498
1117	20-21	0.2617187565126997
1117	22-23	0.2551883484991109
1117	24-25	0.24482103794251486
1117	26-27	0.25267330185725
1117	28-29	0.21176949623865937
1117	30-31	0.21244371081258606
1117	32-33	0.2385337581037561
1117	34-35	0.27034545327754955
1117	36-37	0.27991381542431526
1117	38-39	0.27802806746269937
1117	40-41	0.25698377489089097
1117	42-43	0.24026745497880597
1117	44-45	0.21214255215726752
1117	46-47	0.23802170994488137
1117	48-49	0.1938408264468663
1117	50-51	0.17208870924788044
1117	52-53	0.19027704319586292
1117	54-55	0.12747249784712977
1117	56-57	0.1845148221818036
1117	58-59	0.21117130947138207
1117	60-61	0.1948854444595014
1117	62-63	0.23084504321860067
1117	64-65	0.23579656292348972
1117	66-67	0.2090906254008118
1117	68-69	0.24157894506377176
1117	70-71	0.2286463714872724
1117	72-73	0.2328774093173962
1117	74-75	0.23166339785188228
1117	76-77	0.2347247393747125
1117	78-79	0.23200249695788955
1117	80-81	0.2417048233442074
1117	82-83	0.23772842160322938
1117	84-85	0.2293269342440709
1117	86-87	0.2269291771972064
1117	88-89	0.28702017628203436
1117	90-91	0.2637729407288987
1117	92-93	0.25584304651588496
1117	94-95	0.26316186884078263
1117	96-97	0.1926379856876821
1117	98-99	0.26059650712902993
1117	100-101	0.18166570474786425
1118	1	0.30394756121540567
1118	2	0.207723820237824
1118	3	0.29763820428053833
1118	4	0.2824700324882059
1118	5	0.33906167155922873
1118	6	0.4493388023466238
1118	7	0.398528801605714
1118	8	0.327152365143462
1118	9	0.2954839138391421
1118	10-11	0.26769446690640564
1118	12-13	0.18846904007630627
1118	14-15	0.1723335599753142
1118	16-17	0.1364291289032309
1118	18-19	0.12430738429321053
1118	20-21	0.08731655104279668
1118	22-23	0.0957961096394584
1118	24-25	0.08802376116772592
1118	26-27	0.08918065401350361
1118	28-29	0.08447522943604469
1118	30-31	0.07475124330375849
1118	32-33	0.0465305000879539
1118	34-35	0.0120224925826804
1118	36-37	-0.0028901538171766106
1118	38-39	0.04911870617397085
1118	40-41	0.10013245795373393
1118	42-43	0.06566326228981012
1118	44-45	0.07078046770585189
1118	46-47	0.07692492474636481
1118	48-49	0.08182304990283029
1118	50-51	0.08634001736678698
1118	52-53	0.09762682308492998
1118	54-55	0.10335215870900782
1118	56-57	0.09339486797531293
1118	58-59	0.1145242550656036
1118	60-61	0.1212465448579465
1118	62-63	0.10654740426756604
1118	64-65	0.11585302117978102
1118	66-67	0.09612229872029587
1118	68-69	0.09779656811112858
1118	70-71	0.1188324334065669
1118	72-73	0.145563028971452
1118	74-75	0.1598367557263245
1118	76-77	0.17208678309343384
1118	78-79	0.1913710697253066
1118	80-81	0.11237022451304313
1118	82-83	0.09984585445211991
1118	84-85	0.1327784919681818
1118	86-87	0.14691086299141887
1118	88-89	0.10421938150964394
1118	90-91	0.06477909496474865
1118	92-93	0.12139497342695194
1118	94-95	0.15559193620426726
1118	96-97	0.18801501044928415
1118	98-99	0.1522697096100103
1118	100-101	0.044048616358743686
1119	1	0.21723329501233835
1119	2	0.2395224093253887
1119	3	0.49979531547992906
1119	4	0.30514225710327025
1119	5	0.34930492705558436
1119	6	0.45567265271687063
1119	7	0.4328800115002025
1119	8	0.3574440168505859
1119	9	0.31698727604945987
1119	10-11	0.2642785158537606
1119	12-13	0.19568874599607256
1119	14-15	0.1903656724218692
1119	16-17	0.053155008781686774
1119	18-19	0.09380502303768168
1119	20-21	0.08516665690893177
1119	22-23	0.07479307009560898
1119	24-25	0.10921443044492918
1119	26-27	0.1249879575588011
1119	28-29	0.10465939505481714
1119	30-31	0.12259530218631909
1119	32-33	0.03977640747993405
1119	34-35	-0.008975848387770213
1119	36-37	0.004692120851849779
1119	38-39	-0.006069064586284867
1119	40-41	0.11951683733187224
1119	42-43	0.148641764302468
1119	44-45	0.166586272327244
1119	46-47	0.13718465094282806
1119	48-49	0.15359321625327738
1119	50-51	0.15933856254540046
1119	52-53	0.17821064028768774
1119	54-55	0.16213518672920202
1119	56-57	0.14344599868551455
1119	58-59	0.15600299618841262
1119	60-61	0.1342321656574299
1119	62-63	0.17970466418950082
1119	64-65	0.17533250298881597
1119	66-67	0.1332412758373991
1119	68-69	0.18159565311716364
1119	70-71	0.1731292578214294
1119	72-73	0.15084084488539418
1119	74-75	0.12694013415939054
1119	76-77	0.22768572828478284
1119	78-79	0.1849472062036739
1119	80-81	0.19778517965485776
1119	82-83	0.19559242249228248
1119	84-85	0.19141288654904542
1119	86-87	0.1857359436071775
1119	88-89	0.2670383142475643
1119	90-91	0.20048642618453272
1119	92-93	0.2223484681698693
1119	94-95	0.20618839327993754
1119	96-97	0.20770142165439154
1119	98-99	0.23645314007480778
1119	100-101	-0.0024429767356721754
1120	1	0.04702167102417576
1120	2	0.19512426914415215
1120	3	0.3361705660462917
1120	4	0.22516715562694145
1120	5	0.21884459540718382
1120	6	0.24858485833211574
1120	7	0.11103018518917906
1120	8	0.1911804202920564
1120	9	0.12267159040529663
1120	10-11	0.08113234090318144
1120	12-13	0.020238706764999392
1120	14-15	0.03380683985176347
1120	16-17	-0.10353433463886574
1120	18-19	-0.10320601577765842
1120	20-21	-0.11460648973000076
1120	22-23	-0.09758298691183143
1120	24-25	-0.07626799116435024
1120	26-27	-0.06409823159790307
1120	28-29	-0.07317975166196788
1120	30-31	-0.07932403222353912
1120	32-33	-0.23054304094705458
1120	34-35	-0.34041712167840643
1120	36-37	-0.34071956490155486
1120	38-39	-0.30023632413656287
1120	40-41	-0.1330534484413306
1120	42-43	-0.07419293060019783
1120	44-45	0.004724395947327764
1120	46-47	-0.03089543376994186
1120	48-49	-0.024982952978128026
1120	50-51	-0.055519618870562226
1120	52-53	-0.05864767257907033
1120	54-55	-0.04316427551714952
1120	56-57	0.0061972699284211785
1120	58-59	-0.04005000297213712
1120	60-61	-0.06856764363935497
1120	62-63	-0.024931790189526737
1120	64-65	-0.02825816569891515
1120	66-67	-0.023422286969541517
1120	68-69	-0.0432388150837113
1120	70-71	-0.029095052798354004
1120	72-73	-0.058608112714651384
1120	74-75	-0.025181179452516744
1120	76-77	-0.05589945688309683
1120	78-79	-0.05118029395941903
1120	80-81	-0.013816637029847811
1120	82-83	0.00863080256115012
1120	84-85	-0.004465154099250412
1120	86-87	-3.0149576551963264E-4
1120	88-89	0.022735860745591197
1120	90-91	0.07845908330010332
1120	92-93	-0.029578813624759448
1120	94-95	0.0021861337698467764
1120	96-97	0.024635802936202822
1120	98-99	0.013592340760219201
1120	100-101	0.03173591825642319
1121	1	0.13870424174073648
1121	2	0.17854970279115534
1121	3	0.3682207479406472
1121	4	0.2659667775652963
1121	5	0.263767565801011
1121	6	0.331247144009275
1121	7	0.2126398980981108
1121	8	0.29812314617056757
1121	9	0.22126543618800554
1121	10-11	0.08301665408137637
1121	12-13	0.0701335719669558
1121	14-15	0.019036466885189895
1121	16-17	-0.05072129371834677
1121	18-19	-0.08507311092840553
1121	20-21	-0.1528972364690233
1121	22-23	-0.11776202666682423
1121	24-25	-0.05111616372334282
1121	26-27	-0.11954461579433229
1121	28-29	-0.08087454191712595
1121	30-31	-0.13704412167863467
1121	32-33	-0.22326286848755217
1121	34-35	-0.26484499612998746
1121	36-37	-0.2991694270229104
1121	38-39	-0.2593922909673836
1121	40-41	-0.09271868561091878
1121	42-43	-0.018848876178985563
1121	44-45	-0.0013971038205013997
1121	46-47	-0.050693503165177844
1121	48-49	0.03232561138955958
1121	50-51	-0.011797449753970568
1121	52-53	-0.026742659570082594
1121	54-55	-0.054553595694471824
1121	56-57	0.009201355836303549
1121	58-59	-0.022726177590115526
1121	60-61	0.013545855580318289
1121	62-63	-0.00644983570717983
1121	64-65	-0.05486752278784479
1121	66-67	-0.04329524310617927
1121	68-69	0.007336153029740444
1121	70-71	-0.018191336029595107
1121	72-73	0.015761413666119495
1121	74-75	-0.013346818369214475
1121	76-77	0.07580203357529314
1121	78-79	0.020825222461695603
1121	80-81	0.0021590950664318598
1121	82-83	0.016143960448708583
1121	84-85	-7.874183906011467E-4
1121	86-87	-0.05635359338776169
1121	88-89	0.08220368971297631
1121	90-91	0.012964594475661784
1121	92-93	0.006271363558447263
1121	94-95	-0.013826402429153006
1121	96-97	0.049036896212939496
1121	98-99	-0.013727628547847814
1121	100-101	0.11316532784741895
1122	1	0.09070363282535965
1122	2	0.1942891762560528
1122	3	0.41454919730748685
1122	4	0.26957848986227617
1122	5	0.22683733900429104
1122	6	0.2975801023943774
1122	7	0.12572097997819753
1122	8	0.17113772109601655
1122	9	0.18811421027770336
1122	10-11	0.14789904168885926
1122	12-13	0.06668142144324207
1122	14-15	0.036123939212238554
1122	16-17	-0.02704322246854929
1122	18-19	-0.021557691463542028
1122	20-21	-0.005686156598095238
1122	22-23	-0.06609314820246937
1122	24-25	-0.052012100280975915
1122	26-27	-0.09294316530125712
1122	28-29	-0.02596821809282801
1122	30-31	-0.09327314306847256
1122	32-33	-0.26156437604509364
1122	34-35	-0.3771327459064153
1122	36-37	-0.32729254836031174
1122	38-39	-0.27599819909841017
1122	40-41	-0.09742115636669979
1122	42-43	-0.026353434940403986
1122	44-45	-0.008424330811948266
1122	46-47	-0.007939692597076942
1122	48-49	0.06394449289393833
1122	50-51	0.04366430027165791
1122	52-53	0.08764244165464419
1122	54-55	0.063355533321932
1122	56-57	0.041604747785520146
1122	58-59	0.07042558227190909
1122	60-61	0.05164454510293126
1122	62-63	0.020663954342794
1122	64-65	0.021162752847054378
1122	66-67	0.017760428944619377
1122	68-69	0.017992926436541268
1122	70-71	0.011437225765270398
1122	72-73	0.046182291424983646
1122	74-75	0.06586798633595947
1122	76-77	0.11611360389898095
1122	78-79	0.09290153318115557
1122	80-81	0.060617301842427196
1122	82-83	0.09360800317860907
1122	84-85	0.07499789696350234
1122	86-87	0.0721572389496643
1122	88-89	0.15024977340573997
1122	90-91	0.2092170090354486
1122	92-93	0.11811682855440608
1122	94-95	0.11847744703656105
1122	96-97	0.13885663068914766
1122	98-99	0.15177210239460948
1122	100-101	0.25518507818388514
1123	1	0.21185243599011372
1123	2	0.16378777224241503
1123	3	0.41953758142808084
1123	4	0.284097377790026
1123	5	0.3006980944150257
1123	6	0.29663414832600665
1123	7	0.13519125040671298
1123	8	0.16693557920225288
1123	9	0.12158624650727745
1123	10-11	0.1039125470949287
1123	12-13	0.03055060720295444
1123	14-15	0.012441985764581887
1123	16-17	-0.05976469537456097
1123	18-19	-0.032476450605940954
1123	20-21	-0.08826572280128886
1123	22-23	-0.002465175077567494
1123	24-25	-0.02741960644171826
1123	26-27	-0.060937668875119755
1123	28-29	-0.01757428721738563
1123	30-31	-0.10262808138300983
1123	32-33	-0.22793234623389935
1123	34-35	-0.28750703375634856
1123	36-37	-0.30492643529866115
1123	38-39	-0.24384220530457412
1123	40-41	0.005427163731965834
1123	42-43	0.03605903663162735
1123	44-45	0.008014508779325524
1123	46-47	0.01908536223425017
1123	48-49	0.02158175397368467
1123	50-51	0.0017330975915328395
1123	52-53	0.04192987366264589
1123	54-55	0.060441419552617504
1123	56-57	0.03807895850049192
1123	58-59	0.03306214432084431
1123	60-61	0.006233025638948675
1123	62-63	0.022111547442094093
1123	64-65	0.05313918822339048
1123	66-67	0.05613548275695024
1123	68-69	0.030386285403658064
1123	70-71	0.013389034899276453
1123	72-73	0.03646645590679043
1123	74-75	0.04768843988564697
1123	76-77	0.18078161033492535
1123	78-79	0.09214419148528918
1123	80-81	0.049575532127171584
1123	82-83	0.04458307079824664
1123	84-85	0.0680553289534771
1123	86-87	0.10071034566471582
1123	88-89	0.07509779752667356
1123	90-91	0.0955718759287123
1123	92-93	0.11949014896465115
1123	94-95	0.08976767235735394
1123	96-97	0.09234459293426767
1123	98-99	0.08679419526233545
1123	100-101	0.2701427744778684
1124	1	0.04713985450444369
1124	2	0.16459632909544197
1124	3	0.39767590505082495
1124	4	0.2472152335282516
1124	5	0.07083034130329935
1124	6	0.2284439479630933
1124	7	0.10817226485604436
1124	8	0.12493865893097222
1124	9	0.03946724359694542
1124	10-11	-0.0066757615721257935
1124	12-13	-0.02033350404435197
1124	14-15	0.007358650831733371
1124	16-17	-0.05677550800251652
1124	18-19	-0.06852882183351738
1124	20-21	-0.18165647609450986
1124	22-23	-0.12695493033317007
1124	24-25	-0.1743946909940064
1124	26-27	-0.17615427461466027
1124	28-29	-0.1780153352526881
1124	30-31	-0.21347017307225968
1124	32-33	-0.3067900207941676
1124	34-35	-0.44863901638910164
1124	36-37	-0.5173973461928583
1124	38-39	-0.35750112945737555
1124	40-41	-0.1496776170396572
1124	42-43	-0.07641363880973273
1124	44-45	-0.04759383261662009
1124	46-47	-0.1414372337564771
1124	48-49	-0.04615892407857558
1124	50-51	-0.06955227650120577
1124	52-53	-0.03510321343637912
1124	54-55	-0.08221596304571932
1124	56-57	-0.07586418689751184
1124	58-59	-0.05157388064723989
1124	60-61	-0.10072346528134091
1124	62-63	-0.09650889244279881
1124	64-65	-0.05129347832822617
1124	66-67	-0.06520369528312386
1124	68-69	-0.11133132823670877
1124	70-71	-0.07545120945474082
1124	72-73	-0.07547592090832467
1124	74-75	-0.031228360187384396
1124	76-77	-0.2508574690727201
1124	78-79	-0.17896269704584
1124	80-81	-0.15254575315407948
1124	82-83	-0.11788710622325027
1124	84-85	-0.09087748439687005
1124	86-87	-0.08772381522165773
1124	88-89	-0.012301802462097555
1124	90-91	0.0027118573206053043
1124	92-93	-0.046823410666767984
1124	94-95	-0.10978867712874774
1124	96-97	-0.11548956865328108
1124	98-99	-0.035618969900234276
1124	100-101	0.09220640652957712
1125	1	0.06654902211892377
1125	2	0.13143831395391103
1125	3	0.1808214287283434
1125	4	0.1351879531816138
1125	5	0.22406210732652454
1125	6	0.12271511489122133
1125	7	-0.012373585050369229
1125	8	0.15506579194800452
1125	9	0.12497312441158215
1125	10-11	0.03618094886871859
1125	12-13	-0.05598164289268226
1125	14-15	-0.014758603441023865
1125	16-17	-0.10990884915938182
1125	18-19	-0.12326538972161671
1125	20-21	-0.1908062031515314
1125	22-23	-0.14058570392813863
1125	24-25	-0.1368753093359203
1125	26-27	-0.19923809051459784
1125	28-29	-0.12726231923159048
1125	30-31	-0.21464760743079125
1125	32-33	-0.35635526706516885
1125	34-35	-0.5382613992873715
1125	36-37	-0.6187479485636871
1125	38-39	-0.4686522403405817
1125	40-41	-0.19180716416312293
1125	42-43	-0.0825989939758145
1125	44-45	-0.06235520526191607
1125	46-47	3.824184686820331E-4
1125	48-49	0.05227088772557664
1125	50-51	-0.04746227911631706
1125	52-53	-0.05416568925161869
1125	54-55	-0.10544772048083217
1125	56-57	-0.007709675132630878
1125	58-59	-0.036303285973559696
1125	60-61	-0.02728101717775644
1125	62-63	-0.0606217213836544
1125	64-65	-0.08250134427228062
1125	66-67	0.0010556564640396005
1125	68-69	0.008489659287647555
1125	70-71	-0.04715646498249271
1125	72-73	-0.09842683811902475
1125	74-75	-0.055539300307899
1125	76-77	0.04094772505828814
1125	78-79	-0.010811827188305756
1125	80-81	-0.03647660209675507
1125	82-83	0.01739922230990487
1125	84-85	0.07210240075423968
1125	86-87	0.020477312921435953
1125	88-89	0.03980065648439535
1125	90-91	-0.025172953233862927
1125	92-93	-0.018336568625350935
1125	94-95	-0.049447883945020976
1125	96-97	0.03687523848596186
1125	98-99	0.07737764215712417
1125	100-101	0.11813935644646989
1126	1	0.1539326723334682
1126	2	0.1801378220400558
1126	3	0.07954200237765718
1126	4	0.19787089599703478
1126	5	0.20663081548419626
1126	6	0.16973557713608045
1126	7	0.09805053743423287
1126	8	0.13553318821936955
1126	9	0.17461136007835876
1126	10-11	0.015788149443338284
1126	12-13	-0.02071813496583985
1126	14-15	-0.00927309709897628
1126	16-17	-0.11206129639509754
1126	18-19	-0.08506303799459403
1126	20-21	-0.16205183415088698
1126	22-23	-0.10728367704784603
1126	24-25	-0.05336465146474012
1126	26-27	-0.1220750622583111
1126	28-29	-0.11539391306221347
1126	30-31	-0.1565392501999412
1126	32-33	-0.2959388684714952
1126	34-35	-0.45572511577206853
1126	36-37	-0.47733320441310667
1126	38-39	-0.30674519689258517
1126	40-41	-0.061232155668761834
1126	42-43	-0.0016563618442049233
1126	44-45	-0.008143230080399633
1126	46-47	0.012861573133342574
1126	48-49	0.01793520100053314
1126	50-51	0.032887984471990706
1126	52-53	0.042545017199834945
1126	54-55	-0.02324255839226197
1126	56-57	0.01683315678305064
1126	58-59	0.05455255973342332
1126	60-61	0.04569550705059555
1126	62-63	0.0751501663614107
1126	64-65	0.022325029572478172
1126	66-67	-0.0019766551389395204
1126	68-69	-0.027742767308858163
1126	70-71	0.015017261525578363
1126	72-73	0.011008839244453839
1126	74-75	-0.0064373801019073085
1126	76-77	0.02444360248067312
1126	78-79	0.07008043100210415
1126	80-81	0.056051224631829655
1126	82-83	0.08088114428780102
1126	84-85	0.03866048046128867
1126	86-87	0.04290610331498357
1126	88-89	0.03195888436160743
1126	90-91	-0.011103588328424507
1126	92-93	-0.0058263601383004016
1126	94-95	0.025657719940049617
1126	96-97	0.06741532183609422
1126	98-99	0.07688904431372379
1126	100-101	0.17407876284041635
1127	1	-0.05775538538801328
1127	2	0.1366408300894193
1127	3	0.17304980945641546
1127	4	0.13368827635810732
1127	5	0.10328034149544152
1127	6	0.15771619357528266
1127	7	0.021199478216857415
1127	8	0.06655082714204497
1127	9	-0.06682422729632265
1127	10-11	-0.09316269746796024
1127	12-13	-0.10096327571573482
1127	14-15	-0.08584010530277197
1127	16-17	-0.2045644654455998
1127	18-19	-0.20236648244192423
1127	20-21	-0.2989684849242664
1127	22-23	-0.1722299642277818
1127	24-25	-0.17965377705628782
1127	26-27	-0.22197291333893077
1127	28-29	-0.15301573897561838
1127	30-31	-0.2412669330504329
1127	32-33	-0.29561254896712796
1127	34-35	-0.467942078892122
1127	36-37	-0.4624153402418827
1127	38-39	-0.2911879303636198
1127	40-41	-0.09564961538561079
1127	42-43	-0.13460480855139423
1127	44-45	-0.10622767663119959
1127	46-47	-0.061474988334403236
1127	48-49	-0.09697246109121238
1127	50-51	-0.11841055693274427
1127	52-53	-0.06311370981705267
1127	54-55	-0.10425692789408458
1127	56-57	-0.12279377908846811
1127	58-59	-0.12575807034973252
1127	60-61	-0.05779783468734223
1127	62-63	-0.1429742419781661
1127	64-65	-0.08509970794447241
1127	66-67	-0.15419493089293468
1127	68-69	-0.1433517137551732
1127	70-71	-0.09415300193408882
1127	72-73	-0.11026845466901136
1127	74-75	-0.12169708536119828
1127	76-77	-0.17928739123632909
1127	78-79	-0.10484326089760998
1127	80-81	-0.057316259428951355
1127	82-83	-0.06518628911521063
1127	84-85	-0.08271986730436254
1127	86-87	-0.07474876029984756
1127	88-89	-0.1005753831078735
1127	90-91	-0.047474430925447564
1127	92-93	-0.025104998820005164
1127	94-95	-0.034314306979275955
1127	96-97	-0.11209870266474553
1127	98-99	-0.031752215815465945
1127	100-101	-0.14884826325235423
1128	1	0.09443059167772816
1128	2	0.18060205929671014
1128	3	0.07532850777682398
1128	4	0.16147647264681808
1128	5	0.1848694537508635
1128	6	0.18571917767539503
1128	7	0.08108543674939028
1128	8	0.2354993450429248
1128	9	0.09296798745867818
1128	10-11	4.747157524178647E-4
1128	12-13	-0.08308933276476438
1128	14-15	-0.02934929459726021
1128	16-17	-0.15570814232894037
1128	18-19	-0.1331471092021772
1128	20-21	-0.2083321421623907
1128	22-23	-0.13454115000634204
1128	24-25	-0.04389192065040248
1128	26-27	-0.10642003869912031
1128	28-29	-0.1086261333462133
1128	30-31	-0.16501173160764182
1128	32-33	-0.33237158380765663
1128	34-35	-0.5206799775828088
1128	36-37	-0.4982189378127302
1128	38-39	-0.31225723960785956
1128	40-41	-0.11019606736567766
1128	42-43	-0.010476517688168485
1128	44-45	0.00871751171143842
1128	46-47	-0.010023867166864875
1128	48-49	-0.003280008166562709
1128	50-51	-0.05745568582712224
1128	52-53	-0.005385554569350859
1128	54-55	-0.019884586867632947
1128	56-57	-0.020183724466370734
1128	58-59	-0.00612222258903472
1128	60-61	0.008970834512354031
1128	62-63	0.008146764785507798
1128	64-65	9.905539490873139E-4
1128	66-67	-0.010640487047858471
1128	68-69	-0.04351574173520589
1128	70-71	-0.046177197036556095
1128	72-73	-0.09596790832259217
1128	74-75	-0.07563332887990981
1128	76-77	-0.05327928108258817
1128	78-79	-0.009125676772534064
1128	80-81	0.009931811335420093
1128	82-83	-0.036140878655295694
1128	84-85	-0.05052180565260045
1128	86-87	-0.0395724929492971
1128	88-89	-0.045446714498631025
1128	90-91	-0.0748831708184099
1128	92-93	-0.04080870272350978
1128	94-95	0.004125362494569629
1128	96-97	-0.0536605500877414
1128	98-99	0.008053797742086033
1128	100-101	-0.10240519745959631
>>END_MODULE
>>Per sequence quality scores	pass
#Quality	Count
12	433.0
13	1760.0
14	13429.0
15	51627.0
16	120770.0
17	208916.0
18	277150.0
19	330162.0
20	372144.0
21	411794.0
22	455879.0
23	501779.0
24	553470.0
25	607071.0
26	669213.0
27	739371.0
28	818280.0
29	912863.0
30	1027146.0
31	1165219.0
32	1344969.0
33	1573168.0
34	1901271.0
35	2337895.0
36	2948991.0
37	3999941.0
38	6016337.0
39	1.1789395E7
40	4.3103914E7
>>END_MODULE
>>Per base sequence content	warn
#Base	G	A	T	C
1	27.69593980759951	16.56733550289868	12.258335791465361	43.47838889803645
2	22.638772259575845	27.603489989247677	30.902397130631478	18.855340620545
3	23.816098911062845	26.837242375489257	23.614965099074936	25.731693614372965
4	25.514009916424857	31.089511489595722	19.83283190921509	23.563646684764326
5	27.592644259334865	31.599124304040444	20.92491786507848	19.883313571546214
6	23.102678238942588	34.640206203223414	20.813905208486723	21.443210349347275
7	22.52610864978769	19.845771299399985	33.076580241423	24.551539809389322
8	23.071517832603007	23.062009718975126	26.2418417127081	27.62463073571376
9	23.625332515444867	22.341292094840863	28.029603264315455	26.00377212539881
10-11	26.01587535704533	29.062934395190982	20.55523727989521	24.365952967868477
12-13	26.556232575604373	23.241120930992327	23.6458489618525	26.556797531550803
14-15	25.437190150296917	25.95911330733911	24.510170435458907	24.093526106905074
16-17	26.202439596091153	25.458834728274056	23.685296773435706	24.65342890219909
18-19	25.68185761598062	25.772525330648477	23.80747265093958	24.73814440243132
20-21	25.675793834614392	25.89943449452709	23.740768088705487	24.68400358215303
22-23	25.947746536122757	25.692702752452316	23.681835824822688	24.677714886602246
24-25	25.439781114227717	26.031564159940118	23.882126950419906	24.646527775412256
26-27	25.420640264336715	26.24877903940327	23.688025415706395	24.642555280553623
28-29	25.69241018598006	25.65324959989903	23.845883127444672	24.808457086676242
30-31	25.333752769604544	26.063445597240747	23.911381223881396	24.691420409273316
32-33	25.307404577308684	26.643064880312362	23.72871351923082	24.320817023148134
34-35	25.517016882580922	26.578977393418363	23.308306773974905	24.595698950025813
36-37	25.147696516157612	26.563673140369463	23.605963190722587	24.68266715275033
38-39	25.156560746170076	26.879192728276358	23.528725642046027	24.435520883507543
40-41	25.65149835515331	25.990129507486483	23.561523945877365	24.796848191482844
42-43	25.335702223684407	25.925179157203704	23.823857560268365	24.915261058843523
44-45	25.369007326232403	26.054764740534424	23.806716606952445	24.76951132628073
46-47	25.573671519444392	25.779818128574643	23.611536196282408	25.03497415569856
48-49	25.374603475995904	25.84315372556935	23.84602139922568	24.936221399209064
50-51	25.452624960392257	25.962203948693123	23.808570517011958	24.776600573902666
52-53	25.666060806801955	25.794699258104835	23.484215777707497	25.055024157385713
54-55	25.270559598478687	25.800312617660833	23.845744855663668	25.08338292819682
56-57	25.398977289684854	26.05127530674764	23.627432110128144	24.922315293439365
58-59	25.890618926686486	25.609991896324125	23.506675743783788	24.992713433205598
60-61	25.3805016872896	25.663023575148756	23.801271191233468	25.155203546328174
62-63	25.45600223380733	25.95359667868571	23.813319232855815	24.777081854651147
64-65	25.713782374483017	25.734874458777245	23.591601322172572	24.95974184456716
66-67	25.465598176721	25.839685655662887	23.749184864113317	24.945531303502797
68-69	25.488275342247285	25.917902975628905	23.837901937819073	24.755919744304737
70-71	25.59409776280175	25.852152666716094	23.49581399096073	25.057935579521423
72-73	25.320910703763367	25.92645564905326	23.685389943691575	25.067243703491798
74-75	25.509958493897233	25.958982156851544	23.61750858771612	24.9135507615351
76-77	25.80266739202579	25.654326102091073	23.480644449046117	25.062362056837014
78-79	25.460044754718147	25.84454000402614	23.827250263152564	24.86816497810315
80-81	25.423520234093054	26.045932556342454	23.714721364498693	24.815825845065792
82-83	25.609480943519635	25.740149556894725	23.63660552296423	25.013763976621412
84-85	25.475648695532744	25.83150566326202	23.74764191720079	24.945203724004443
86-87	25.477259294732974	26.179670447191235	23.669067345680414	24.67400291239538
88-89	25.776685946342216	25.84271101849368	23.59194017705221	24.788662858111895
90-91	25.497928255508494	25.99437557870153	23.747266862412825	24.760429303377155
92-93	25.529295772799028	26.193671503540166	23.644405119607047	24.63262760405376
94-95	25.769885111104703	25.8863218195351	23.461959955376553	24.88183311398365
96-97	25.512652716582956	26.01623082827633	23.66351451711868	24.80760193802203
98-99	25.529427516727708	26.131437926705676	23.77454141629732	24.56459314026929
100-101	25.839816806150452	25.89113522046106	23.541789654866157	24.72725831852233
>>END_MODULE
>>Per sequence GC content	pass
#GC Content	Count
0	4385.0
1	3342.5
2	2083.5
3	1812.0
4	1753.0
5	1834.5
6	1944.0
7	2111.5
8	2450.5
9	2906.0
10	3982.5
11	4731.5
12	4854.5
13	5204.5
14	5783.5
15	6557.0
16	7740.5
17	9882.5
18	12887.0
19	17392.5
20	24701.0
21	34465.5
22	47997.5
23	66772.0
24	89759.0
25	119677.5
26	158578.5
27	209588.5
28	262820.5
29	329219.5
30	422029.5
31	534311.5
32	665396.5
33	795479.5
34	922524.0
35	1080203.0
36	1256054.5
37	1423229.5
38	1579679.5
39	1734486.0
40	1892240.0
41	2044731.5
42	2187809.5
43	2328702.5
44	2492310.5
45	2713953.0
46	2875947.0
47	2960567.5
48	3094416.0
49	3190640.5
50	3213823.0
51	3251276.0
52	3322338.0
53	3356144.0
54	3329972.0
55	3250663.0
56	3141817.5
57	2932887.5
58	2667807.5
59	2444131.5
60	2194702.5
61	1932213.0
62	1662385.5
63	1380797.0
64	1132991.0
65	948022.0
66	793376.0
67	679080.0
68	590782.0
69	515852.5
70	467286.0
71	417972.5
72	408311.0
73	380554.0
74	336077.0
75	296632.5
76	241317.5
77	216006.0
78	187174.5
79	147623.5
80	125466.0
81	122246.5
82	119292.0
83	106930.5
84	87574.5
85	74454.0
86	55053.5
87	31688.0
88	18302.5
89	11608.5
90	7849.5
91	4870.0
92	2906.0
93	1833.0
94	1312.5
95	939.5
96	658.0
97	505.5
98	392.0
99	324.0
100	276.0
>>END_MODULE
>>Per base N content	pass
#Base	N-Count
1	0.0
2	0.0
3	0.0
4	0.0
5	0.0
6	0.0
7	0.0
8	0.0
9	0.0
10-11	0.0
12-13	0.0
14-15	0.0
16-17	0.0
18-19	0.0
20-21	0.0
22-23	0.0
24-25	0.0
26-27	0.0
28-29	0.0
30-31	0.0
32-33	0.0
34-35	0.0
36-37	0.0
38-39	0.0
40-41	0.0
42-43	0.0
44-45	0.0
46-47	0.0
48-49	0.0
50-51	0.0
52-53	0.0
54-55	0.0
56-57	0.0
58-59	0.0
60-61	0.0
62-63	0.0
64-65	0.0
66-67	0.0
68-69	0.0
70-71	0.0
72-73	0.0
74-75	0.0
76-77	0.0
78-79	0.0
80-81	0.0
82-83	0.0
84-85	0.0
86-87	0.0
88-89	0.0
90-91	0.0
92-93	0.0
94-95	0.0
96-97	0.0
98-99	0.0
100-101	0.0
>>END_MODULE
>>Sequence Length Distribution	pass
#Length	Count
101	8.4254357E7
>>END_MODULE
>>Sequence Duplication Levels	fail
#Total Deduplicated Percentage	33.9962485439929
#Duplication Level	Percentage of deduplicated	Percentage of total
1	68.1219203821484	23.158897366056127
2	11.961511484432336	8.132930347731742
3	5.86922688785747	5.9859508812206546
4	3.388282761111723	4.607556115363225
5	2.2328791904155274	3.7954757963037955
6	1.593839131314511	3.2510730748385903
7	1.1611861246641133	2.7633180469941983
8	0.8696733705382554	2.365250564552845
9	0.6612342267349585	2.023153480608894
>10	3.779233552012534	23.028588728301617
>50	0.22138956731419177	5.153447267329084
>100	0.12218400580921825	7.881774572290541
>500	0.010709297455757398	2.504465657806131
>1k	0.006295128035018251	3.949642732839851
>5k	3.386780408859981E-4	0.7551899003028679
>10k+	9.621211505688616E-5	0.6432854674598759
>>END_MODULE
>>Overrepresented sequences	pass
>>END_MODULE
>>Adapter Content	pass
#Position	Illumina Universal Adapter	Illumina Small RNA 3' Adapter	Illumina Small RNA 5' Adapter	Nextera Transposase Sequence	SOLID Small RNA Adapter
1	2.3737644808089864E-5	0.0	0.0	3.5606467212134796E-6	3.5606467212134796E-6
2	3.0858938250516826E-5	2.3737644808089867E-6	0.0	7.121293442426959E-6	3.5606467212134796E-6
3	6.409164098184264E-5	2.3737644808089867E-6	0.0	8.308175682831453E-6	1.6616351365662905E-5
4	1.1038004835761787E-4	2.3737644808089867E-6	0.0	8.308175682831453E-6	2.6111409288898852E-5
5	1.5548157349298862E-4	3.5606467212134796E-6	0.0	8.308175682831453E-6	2.8485173769707837E-5
6	2.4331085928292113E-4	3.5606467212134796E-6	1.1868822404044934E-6	9.495057923235947E-6	3.0858938250516826E-5
7	3.0858938250516823E-4	3.5606467212134796E-6	1.1868822404044934E-6	9.495057923235947E-6	4.035399617375277E-5
8	3.501302609193255E-4	3.5606467212134796E-6	1.1868822404044934E-6	1.068194016364044E-5	4.035399617375277E-5
9	4.272776065456176E-4	4.747528961617973E-6	1.1868822404044934E-6	1.1868822404044932E-5	4.510152513537074E-5
10-11	5.720772398749659E-4	5.934411202022466E-6	1.1868822404044934E-6	1.3055704644449424E-5	5.1035936337393215E-5
12-13	7.774078674649431E-4	7.121293442426959E-6	2.3737644808089867E-6	1.7803233606067398E-5	6.349819986164039E-5
14-15	0.0010640399285226283	8.308175682831453E-6	2.967205601011233E-6	2.136388032728088E-5	7.061949330406735E-5
16-17	0.0014206980417641785	8.308175682831453E-6	3.5606467212134796E-6	2.3737644808089864E-5	7.299325778487633E-5
18-19	0.0018010937998138186	8.308175682831453E-6	3.5606467212134796E-6	2.6111409288898852E-5	7.477358114548308E-5
20-21	0.0021714010588200204	9.495057923235947E-6	3.5606467212134796E-6	2.9672056010112333E-5	7.596046338588757E-5
22-23	0.0026823538633141547	1.1275381283842686E-5	3.5606467212134796E-6	3.263926161112356E-5	8.248831570811228E-5
24-25	0.0035084239026356824	1.3055704644449424E-5	3.5606467212134796E-6	3.9167113933348276E-5	8.78292857899325E-5
26-27	0.004634181707659344	1.4242586884853919E-5	3.5606467212134796E-6	4.510152513537075E-5	9.317025587175272E-5
28-29	0.006424593567309522	1.4836028005056165E-5	3.5606467212134796E-6	5.2222818577797704E-5	1.0325875491519091E-4
30-31	0.008960367473933722	1.720979248586515E-5	3.5606467212134796E-6	5.815722977982017E-5	1.0503907827579765E-4
32-33	0.012138838113736956	1.7803233606067398E-5	3.5606467212134796E-6	6.587196434244938E-5	1.0800628387680888E-4
34-35	0.015926772783987894	1.7803233606067398E-5	3.5606467212134796E-6	7.180637554447185E-5	1.1038004835761787E-4
36-37	0.02049033499834317	1.8396674726269646E-5	3.5606467212134796E-6	7.952111010710105E-5	1.1631445955964034E-4
38-39	0.025931003188357366	2.0176998086876386E-5	3.5606467212134796E-6	8.308175682831452E-5	1.246226352424718E-4
40-41	0.03255796017765586	2.0176998086876386E-5	3.5606467212134796E-6	8.545552130912351E-5	1.3411769316570772E-4
42-43	0.040426395990417446	2.136388032728088E-5	3.5606467212134796E-6	8.604896242932577E-5	1.4776683893035942E-4
44-45	0.04920101639372787	2.136388032728088E-5	3.5606467212134796E-6	8.901616803033699E-5	1.5251436789197738E-4
46-47	0.05912453880574983	2.255076256768537E-5	3.5606467212134796E-6	9.435713811215721E-5	1.5666845573339313E-4
48-49	0.07125328842044334	2.255076256768537E-5	3.5606467212134796E-6	1.0207187267478643E-4	1.6497663141622456E-4
50-51	0.08631126340445516	2.255076256768537E-5	3.5606467212134796E-6	1.0859972499701112E-4	1.6972416037784252E-4
52-53	0.10436077507540649	2.3737644808089864E-5	3.5606467212134796E-6	1.1394069507883136E-4	1.7506513045966273E-4
54-55	0.1252558369177276	2.3737644808089864E-5	3.5606467212134796E-6	1.2106198852125831E-4	1.8515362950310095E-4
56-57	0.14941007739219941	2.3737644808089864E-5	3.5606467212134796E-6	1.2758984084348303E-4	1.899011584647189E-4
58-59	0.17759318963172432	2.3737644808089864E-5	3.5606467212134796E-6	1.3174392868489876E-4	1.9286836406573016E-4
60-61	0.21145315962710393	2.492452704849436E-5	3.5606467212134796E-6	1.3589801652631446E-4	1.9524212854653912E-4
62-63	0.2513686028130272	2.492452704849436E-5	3.5606467212134796E-6	1.412389866081347E-4	1.9702245190714589E-4
64-65	0.2977697640016409	2.6111409288898852E-5	4.7475289616179726E-6	1.4717339781015717E-4	1.999896575081571E-4
66-67	0.34978428474624756	2.7891732649505593E-5	5.934411202022466E-6	1.501406034111684E-4	2.0711095095058408E-4
68-69	0.4079741537876789	2.8485173769707837E-5	5.934411202022466E-6	1.5192092677177515E-4	2.1067159767179755E-4
70-71	0.47389478030198484	2.8485173769707837E-5	5.934411202022466E-6	1.5429469125258411E-4	2.1660600887382002E-4
72-73	0.5488624166937741	2.9078614889910085E-5	5.934411202022466E-6	1.5548157349298862E-4	2.290682723980672E-4
74-75	0.6334627893486862	2.9672056010112333E-5	5.934411202022466E-6	1.566684557333931E-4	2.4034365368190988E-4
76-77	0.7280982513462182	2.9672056010112333E-5	5.934411202022466E-6	1.6378974917582008E-4	2.462780648839324E-4
78-79	0.8329064810262572	2.9672056010112333E-5	5.934411202022466E-6	1.6972416037784252E-4	2.492452704849436E-4
80-81	0.9486619190506671	2.9672056010112333E-5	5.934411202022466E-6	1.75658571579865E-4	2.5399279944656155E-4
82-83	1.0752138313749162	2.9672056010112333E-5	5.934411202022466E-6	1.845601883828987E-4	2.581468872879773E-4
84-85	1.2153917452601295	2.9672056010112333E-5	5.934411202022466E-6	1.8871427622431443E-4	2.735763564132357E-4
86-87	1.3695226467635377	2.9672056010112333E-5	5.934411202022466E-6	1.9168148182532565E-4	2.9434679562031433E-4
88-89	1.535830960053496	2.9672056010112333E-5	5.934411202022466E-6	1.9702245190714586E-4	3.044352946637525E-4
>>END_MODULE
>>Kmer Content	fail
#Sequence	Count	PValue	Obs/Exp Max	Max Obs/Exp Position
TAGCATA	32460	0.0	23.735365	9
AACGCGT	13565	0.0	22.48065	8
TCTAACG	14175	0.0	20.943563	5
GTAGCAT	37785	0.0	20.692076	8
TCACCCG	36630	0.0	19.76249	3
CGTATCA	17545	0.0	18.93773	60-61
CTAACGC	16890	0.0	18.30817	6
CGCCGTA	16860	0.0	17.875889	58-59
TAACGCG	17315	0.0	17.749063	7
ACGCGTG	17795	0.0	17.190222	9
CCGTATC	18410	0.0	16.744976	60-61
CCAGTAG	45450	0.0	16.60671	5
GCCGTAT	20415	0.0	16.287045	58-59
CTCGATT	31925	0.0	15.391934	48-49
ATTCCGT	31720	0.0	15.341661	52-53
GCCAGTA	51840	0.0	14.687983	4
CAGTAGC	54130	0.0	14.39128	6
CACCCGG	51505	0.0	14.267061	4
AGTAGCA	57445	0.0	14.164418	7
ACCCGGC	52615	0.0	14.119547	5
>>END_MODULE
