/projects/bgmp/2017_sequencing/demultiplexed/10_2G_both_S8_L008_R1_001.fastq.gz
 738752 1120
 750300 1121
 747336 1122
 743590 1123
 733031 1124
 736381 1125
 741709 1126
 740747 1127
 749545 1128
/projects/bgmp/2017_sequencing/demultiplexed/10_2G_both_S8_L008_R2_001.fastq.gz
 738752 1120
 750300 1121
 747336 1122
 743590 1123
 733031 1124
 736381 1125
 741709 1126
 740747 1127
 749545 1128
/projects/bgmp/2017_sequencing/demultiplexed/11_2H_both_S9_L008_R1_001.fastq.gz
 164267 1120
 167108 1121
 166197 1122
 166233 1123
 162710 1124
 162447 1125
 163831 1126
 163083 1127
 165156 1128
/projects/bgmp/2017_sequencing/demultiplexed/11_2H_both_S9_L008_R2_001.fastq.gz
 164267 1120
 167108 1121
 166197 1122
 166233 1123
 162710 1124
 162447 1125
 163831 1126
 163083 1127
 165156 1128
/projects/bgmp/2017_sequencing/demultiplexed/1_2A_control_S1_L008_R1_001.fastq.gz
  77109 1120
  78221 1121
  77816 1122
  78014 1123
  76062 1124
  77479 1125
  77403 1126
  77247 1127
  78735 1128
/projects/bgmp/2017_sequencing/demultiplexed/1_2A_control_S1_L008_R2_001.fastq.gz
  77109 1120
  78221 1121
  77816 1122
  78014 1123
  76062 1124
  77479 1125
  77403 1126
  77247 1127
  78735 1128
/projects/bgmp/2017_sequencing/demultiplexed/14_3B_control_S10_L008_R1_001.fastq.gz
  40503 1120
  41176 1121
  41072 1122
  40878 1123
  40464 1124
  40134 1125
  40972 1126
  40299 1127
  40962 1128
/projects/bgmp/2017_sequencing/demultiplexed/14_3B_control_S10_L008_R2_001.fastq.gz
  40503 1120
  41176 1121
  41072 1122
  40878 1123
  40464 1124
  40134 1125
  40972 1126
  40299 1127
  40962 1128
/projects/bgmp/2017_sequencing/demultiplexed/15_3C_mbnl_S11_L008_R1_001.fastq.gz
  71120 1118
  71167 1120
  72366 1121
  71954 1122
  71518 1123
  70119 1124
  70920 1125
  70857 1126
  71310 1127
  72219 1128
/projects/bgmp/2017_sequencing/demultiplexed/15_3C_mbnl_S11_L008_R2_001.fastq.gz
  71120 1118
  71167 1120
  72366 1121
  71954 1122
  71518 1123
  70119 1124
  70920 1125
  70857 1126
  71310 1127
  72219 1128
/projects/bgmp/2017_sequencing/demultiplexed/16_3D_mbnl_S12_L008_R1_001.fastq.gz
  76098 1120
  77624 1121
  77284 1122
  76837 1123
  75634 1124
  74630 1125
  75765 1126
  76063 1127
  76474 1128
/projects/bgmp/2017_sequencing/demultiplexed/16_3D_mbnl_S12_L008_R2_001.fastq.gz
  76098 1120
  77624 1121
  77284 1122
  76837 1123
  75634 1124
  74630 1125
  75765 1126
  76063 1127
  76474 1128
/projects/bgmp/2017_sequencing/demultiplexed/17_3E_fox_S13_L008_R1_001.fastq.gz
 107994 1120
 109947 1121
 109324 1122
 108347 1123
 107240 1124
 107465 1125
 108563 1126
 107539 1127
 109101 1128
/projects/bgmp/2017_sequencing/demultiplexed/17_3E_fox_S13_L008_R2_001.fastq.gz
 107994 1120
 109947 1121
 109324 1122
 108347 1123
 107240 1124
 107465 1125
 108563 1126
 107539 1127
 109101 1128
/projects/bgmp/2017_sequencing/demultiplexed/19_3F_fox_S14_L008_R1_001.fastq.gz
 150154 1120
 152246 1121
 151648 1122
 151196 1123
 148472 1124
 148232 1125
 149364 1126
 150090 1127
 150887 1128
/projects/bgmp/2017_sequencing/demultiplexed/19_3F_fox_S14_L008_R2_001.fastq.gz
 150154 1120
 152246 1121
 151648 1122
 151196 1123
 148472 1124
 148232 1125
 149364 1126
 150090 1127
 150887 1128
/projects/bgmp/2017_sequencing/demultiplexed/21_3G_both_S15_L008_R1_001.fastq.gz
  84958 1120
  85753 1121
  85047 1122
  85718 1123
  84521 1124
  84218 1125
  84652 1126
  84512 1127
  85431 1128
/projects/bgmp/2017_sequencing/demultiplexed/21_3G_both_S15_L008_R2_001.fastq.gz
  84958 1120
  85753 1121
  85047 1122
  85718 1123
  84521 1124
  84218 1125
  84652 1126
  84512 1127
  85431 1128
/projects/bgmp/2017_sequencing/demultiplexed/22_3H_both_S16_L008_R1_001.fastq.gz
  36818 1120
  37642 1121
  37523 1122
  36882 1123
  36548 1124
  36786 1125
  36911 1126
  36859 1127
  37366 1128
/projects/bgmp/2017_sequencing/demultiplexed/22_3H_both_S16_L008_R2_001.fastq.gz
  36818 1120
  37642 1121
  37523 1122
  36882 1123
  36548 1124
  36786 1125
  36911 1126
  36859 1127
  37366 1128
/projects/bgmp/2017_sequencing/demultiplexed/2_2B_control_S2_L008_R1_001.fastq.gz
  53636 1120
  54036 1121
  53988 1122
  54317 1123
  53307 1124
  52346 1125
  53041 1126
  53561 1127
  54663 1128
  51126 2102
  51126 2223
/projects/bgmp/2017_sequencing/demultiplexed/2_2B_control_S2_L008_R2_001.fastq.gz
  53636 1120
  54036 1121
  53988 1122
  54317 1123
  53307 1124
  52346 1125
  53041 1126
  53561 1127
  54663 1128
  51126 2102
  51126 2223
/projects/bgmp/2017_sequencing/demultiplexed/23_4A_control_S17_L008_R1_001.fastq.gz
 402287 1120
 408274 1121
 408005 1122
 405725 1123
 400683 1124
 402119 1125
 404435 1126
 404011 1127
 409109 1128
/projects/bgmp/2017_sequencing/demultiplexed/23_4A_control_S17_L008_R2_001.fastq.gz
 402287 1120
 408274 1121
 408005 1122
 405725 1123
 400683 1124
 402119 1125
 404435 1126
 404011 1127
 409109 1128
/projects/bgmp/2017_sequencing/demultiplexed/24_4A_control_S18_L008_R1_001.fastq.gz
  96051 1120
  97734 1121
  97778 1122
  96454 1123
  95096 1124
  95370 1125
  96111 1126
  96475 1127
  97467 1128
/projects/bgmp/2017_sequencing/demultiplexed/24_4A_control_S18_L008_R2_001.fastq.gz
  96051 1120
  97734 1121
  97778 1122
  96454 1123
  95096 1124
  95370 1125
  96111 1126
  96475 1127
  97467 1128
/projects/bgmp/2017_sequencing/demultiplexed/27_4C_mbnl_S19_L008_R1_001.fastq.gz
  66378 1120
  67160 1121
  66677 1122
  66581 1123
  65418 1124
  64751 1125
  65901 1126
  66139 1127
  66659 1128
/projects/bgmp/2017_sequencing/demultiplexed/27_4C_mbnl_S19_L008_R2_001.fastq.gz
  66378 1120
  67160 1121
  66677 1122
  66581 1123
  65418 1124
  64751 1125
  65901 1126
  66139 1127
  66659 1128
/projects/bgmp/2017_sequencing/demultiplexed/28_4D_mbnl_S20_L008_R1_001.fastq.gz
 111271 1105
 112058 1106
 112572 1115
 112988 1120
 115462 1121
 113784 1122
 114310 1123
 112618 1124
 111810 1125
 113097 1126
 113899 1127
 115053 1128
 111121 1204
 112473 1205
 112910 1207
 112436 1209
 112280 1210
 112206 1211
 112175 1212
 111256 2115
 112138 2116
 111221 2121
 112271 2123
 112213 2124
 111200 2220
 112201 2223
/projects/bgmp/2017_sequencing/demultiplexed/28_4D_mbnl_S20_L008_R2_001.fastq.gz
 111271 1105
 112058 1106
 112572 1115
 112988 1120
 115462 1121
 113784 1122
 114310 1123
 112618 1124
 111810 1125
 113097 1126
 113899 1127
 115053 1128
/projects/bgmp/2017_sequencing/demultiplexed/29_4E_fox_S21_L008_R1_001.fastq.gz
  44121 1120
  44630 1121
  44241 1122
  44652 1123
  43910 1124
  43796 1125
  44129 1126
  44070 1127
  44446 1128
/projects/bgmp/2017_sequencing/demultiplexed/29_4E_fox_S21_L008_R2_001.fastq.gz
  44121 1120
  44630 1121
  44241 1122
  44652 1123
  43910 1124
  43796 1125
  44129 1126
  44070 1127
  44446 1128
/projects/bgmp/2017_sequencing/demultiplexed/31_4F_fox_S22_L008_R1_001.fastq.gz
  35175 1120
  35465 1121
  35356 1122
  35148 1123
  34892 1124
  34887 1125
  34741 1126
  35045 1127
  35307 1128
/projects/bgmp/2017_sequencing/demultiplexed/31_4F_fox_S22_L008_R2_001.fastq.gz
  35175 1120
  35465 1121
  35356 1122
  35148 1123
  34892 1124
  34887 1125
  34741 1126
  35045 1127
  35307 1128
/projects/bgmp/2017_sequencing/demultiplexed/32_4G_both_S23_L008_R1_001.fastq.gz
 108567 1120
 110187 1121
 109945 1122
 109012 1123
 107449 1124
 107289 1125
 108737 1126
 108783 1127
 109693 1128
/projects/bgmp/2017_sequencing/demultiplexed/32_4G_both_S23_L008_R2_001.fastq.gz
 108567 1120
 110187 1121
 109945 1122
 109012 1123
 107449 1124
 107289 1125
 108737 1126
 108783 1127
 109693 1128
/projects/bgmp/2017_sequencing/demultiplexed/3_2B_control_S3_L008_R1_001.fastq.gz
  62876 1120
  63807 1121
  63340 1122
  63003 1123
  62842 1124
  62903 1125
  62775 1126
  62656 1127
  63732 1128
/projects/bgmp/2017_sequencing/demultiplexed/3_2B_control_S3_L008_R2_001.fastq.gz
  62876 1120
  63807 1121
  63340 1122
  63003 1123
  62842 1124
  62903 1125
  62775 1126
  62656 1127
  63732 1128
/projects/bgmp/2017_sequencing/demultiplexed/34_4H_both_S24_L008_R1_001.fastq.gz
  83234 1120
  84647 1121
  84362 1122
  83857 1123
  82775 1124
  82366 1125
  83529 1126
  82995 1127
  84010 1128
/projects/bgmp/2017_sequencing/demultiplexed/34_4H_both_S24_L008_R2_001.fastq.gz
  83234 1120
  84647 1121
  84362 1122
  83857 1123
  82775 1124
  82366 1125
  83529 1126
  82995 1127
  84010 1128
/projects/bgmp/2017_sequencing/demultiplexed/4_2C_mbnl_S4_L008_R1_001.fastq.gz
  84445 1120
  86057 1121
  85725 1122
  85326 1123
  83952 1124
  83394 1125
  84514 1126
  84155 1127
  85303 1128
/projects/bgmp/2017_sequencing/demultiplexed/4_2C_mbnl_S4_L008_R2_001.fastq.gz
  84445 1120
  86057 1121
  85725 1122
  85326 1123
  83952 1124
  83394 1125
  84514 1126
  84155 1127
  85303 1128
/projects/bgmp/2017_sequencing/demultiplexed/6_2D_mbnl_S5_L008_R1_001.fastq.gz
 101069 1120
 101973 1121
 101892 1122
 101423 1123
 100004 1124
 100850 1125
 100879 1126
 100581 1127
 101925 1128
/projects/bgmp/2017_sequencing/demultiplexed/6_2D_mbnl_S5_L008_R2_001.fastq.gz
 101069 1120
 101973 1121
 101892 1122
 101423 1123
 100004 1124
 100850 1125
 100879 1126
 100581 1127
 101925 1128
/projects/bgmp/2017_sequencing/demultiplexed/7_2E_fox_S6_L008_R1_001.fastq.gz
  47658 1120
  48842 1121
  48427 1122
  48525 1123
  48162 1124
  48055 1125
  47940 1126
  48296 1127
  48714 1128
/projects/bgmp/2017_sequencing/demultiplexed/7_2E_fox_S6_L008_R2_001.fastq.gz
  47658 1120
  48842 1121
  48427 1122
  48525 1123
  48162 1124
  48055 1125
  47940 1126
  48296 1127
  48714 1128
/projects/bgmp/2017_sequencing/demultiplexed/8_2F_fox_S7_L008_R1_001.fastq.gz
 333065 1120
 337858 1121
 336778 1122
 335301 1123
 330636 1124
 329965 1125
 333044 1126
 332839 1127
 337276 1128
/projects/bgmp/2017_sequencing/demultiplexed/8_2F_fox_S7_L008_R2_001.fastq.gz
 333065 1120
 337858 1121
 336778 1122
 335301 1123
 330636 1124
 329965 1125
 333044 1126
 332839 1127
 337276 1128
/projects/bgmp/2017_sequencing/demultiplexed/Undetermined_S0_L008_R1_001.fastq.gz
 144650 1120
 143883 1121
 142468 1122
 144237 1123
 149031 1124
 137375 1125
 134427 1126
 138182 1127
 133541 1128
/projects/bgmp/2017_sequencing/demultiplexed/Undetermined_S0_L008_R2_001.fastq.gz
 144650 1120
 143883 1121
 142468 1122
 144237 1123
 149031 1124
 137375 1125
 134427 1126
 138182 1127
 133541 1128
