##FastQC	0.11.5
>>Basic Statistics	pass
#Measure	Value
Filename	Known_index_pair_R1.fastq
File type	Conventional base calls
Encoding	Sanger / Illumina 1.9
Total Sequences	84254358
Sequences flagged as poor quality	0
Sequence length	101
%GC	49
>>END_MODULE
>>Per base sequence quality	pass
#Base	Mean	Median	Lower Quartile	Upper Quartile	10th Percentile	90th Percentile
1	31.180658097234566	32.0	32.0	32.0	32.0	32.0
2	31.530277057003982	32.0	32.0	32.0	32.0	32.0
3	35.42495577498792	37.0	37.0	37.0	32.0	37.0
4	36.04806045759675	37.0	37.0	37.0	32.0	37.0
5	36.328662073479926	37.0	37.0	37.0	37.0	37.0
6	39.813919714396256	41.0	41.0	41.0	37.0	41.0
7	39.93427107948529	41.0	41.0	41.0	37.0	41.0
8	40.01376099738366	41.0	41.0	41.0	37.0	41.0
9	40.18363732591731	41.0	41.0	41.0	37.0	41.0
10-11	40.25245311939829	41.0	41.0	41.0	41.0	41.0
12-13	40.26543340939112	41.0	41.0	41.0	41.0	41.0
14-15	40.24907614274386	41.0	41.0	41.0	41.0	41.0
16-17	40.233169547146744	41.0	41.0	41.0	41.0	41.0
18-19	40.204653164646984	41.0	41.0	41.0	41.0	41.0
20-21	40.170328382301605	41.0	41.0	41.0	37.0	41.0
22-23	40.18591800319694	41.0	41.0	41.0	39.0	41.0
24-25	40.17375815147746	41.0	41.0	41.0	39.0	41.0
26-27	40.12770554847739	41.0	41.0	41.0	37.0	41.0
28-29	40.092286288621416	41.0	41.0	41.0	37.0	41.0
30-31	40.0803107122364	41.0	41.0	41.0	37.0	41.0
32-33	40.069935978860585	41.0	41.0	41.0	37.0	41.0
34-35	40.09472366996138	41.0	41.0	41.0	37.0	41.0
36-37	40.102121073666005	41.0	41.0	41.0	37.0	41.0
38-39	40.086919770963064	41.0	41.0	41.0	37.0	41.0
40-41	40.06807865653667	41.0	41.0	41.0	37.0	41.0
42-43	40.03685268719275	41.0	41.0	41.0	37.0	41.0
44-45	40.041822180877574	41.0	41.0	41.0	37.0	41.0
46-47	40.02000866827565	41.0	41.0	41.0	37.0	41.0
48-49	40.0011478990796	41.0	41.0	41.0	37.0	41.0
50-51	39.98546431865281	41.0	41.0	41.0	37.0	41.0
52-53	39.9760616121483	41.0	41.0	41.0	37.0	41.0
54-55	39.95627697976168	41.0	41.0	41.0	37.0	41.0
56-57	39.93380572076758	41.0	41.0	41.0	37.0	41.0
58-59	39.91596819241089	41.0	41.0	41.0	37.0	41.0
60-61	39.8874028569537	41.0	41.0	41.0	37.0	41.0
62-63	39.87569929617172	41.0	41.0	41.0	37.0	41.0
64-65	39.85004910962588	41.0	41.0	41.0	37.0	41.0
66-67	39.809240460891054	41.0	41.0	41.0	37.0	41.0
68-69	39.77474213856095	41.0	41.0	41.0	37.0	41.0
70-71	39.72457721415431	41.0	41.0	41.0	37.0	41.0
72-73	39.707245036511935	41.0	41.0	41.0	37.0	41.0
74-75	39.6443545626447	41.0	41.0	41.0	37.0	41.0
76-77	39.25097208621541	41.0	41.0	41.0	34.5	41.0
78-79	39.37964059971829	41.0	41.0	41.0	37.0	41.0
80-81	39.56123764541651	41.0	41.0	41.0	37.0	41.0
82-83	39.54139283216662	41.0	41.0	41.0	37.0	41.0
84-85	39.508389833081395	41.0	41.0	41.0	37.0	41.0
86-87	39.428626718632174	41.0	41.0	41.0	37.0	41.0
88-89	39.36626412843832	41.0	41.0	41.0	37.0	41.0
90-91	39.3526667130975	41.0	41.0	41.0	37.0	41.0
92-93	39.310028479476394	41.0	41.0	41.0	37.0	41.0
94-95	39.24088758708481	41.0	41.0	41.0	37.0	41.0
96-97	39.17107291352217	41.0	41.0	41.0	37.0	41.0
98-99	39.114115545216066	41.0	41.0	41.0	37.0	41.0
100-101	38.523450015487626	41.0	39.0	41.0	34.5	41.0
>>END_MODULE
>>Per tile sequence quality	pass
#Tile	Base	Mean
1101	1	0.03245321118463451
1101	2	-0.07249900373346208
1101	3	-0.23253586484166533
1101	4	-0.12830006704642472
1101	5	-0.057435801426194644
1101	6	-0.15037235381143432
1101	7	-0.09975007027088623
1101	8	-0.08373437391293237
1101	9	-0.04445237528429402
1101	10-11	0.0036804135430870133
1101	12-13	-0.002049450306465417
1101	14-15	-0.029804122109290176
1101	16-17	-0.04504284183330043
1101	18-19	-0.03213686869479204
1101	20-21	0.008906350633935745
1101	22-23	-0.016910384469944972
1101	24-25	-0.007796482968942087
1101	26-27	-0.01780745658701477
1101	28-29	-0.028439798067054767
1101	30-31	-0.04414156463030139
1101	32-33	-0.01565981724770893
1101	34-35	-0.03432323001455018
1101	36-37	-0.06320583278101566
1101	38-39	-0.05865682219165791
1101	40-41	-0.05257278344235061
1101	42-43	-0.03765700579231179
1101	44-45	-0.04892065649065813
1101	46-47	-0.048360204881120694
1101	48-49	-0.07441842178155866
1101	50-51	-0.04600148754524014
1101	52-53	-0.03677117306974509
1101	54-55	-0.07149923224820753
1101	56-57	-0.08190617656899946
1101	58-59	-0.0879721075798443
1101	60-61	-0.06224222266119739
1101	62-63	-0.04765270950378664
1101	64-65	-0.04763934228229516
1101	66-67	-0.036378167038705556
1101	68-69	-0.044964764066143914
1101	70-71	-0.017464178145544906
1101	72-73	0.0077387522043110835
1101	74-75	0.017703940227285386
1101	76-77	0.07249944075652337
1101	78-79	0.10896798907211291
1101	80-81	0.09860769440713568
1101	82-83	0.11179011066598576
1101	84-85	0.12992054707921596
1101	86-87	0.15008223198989157
1101	88-89	0.20157976859942295
1101	90-91	0.2510982957575436
1101	92-93	0.2921951607288733
1101	94-95	0.30643555116704135
1101	96-97	0.24906178196620488
1101	98-99	0.3370325676887447
1101	100-101	0.31714048453491017
1102	1	0.05967675671702466
1102	2	-0.06515213210462178
1102	3	-0.1824357463484958
1102	4	-0.0655457404667601
1102	5	-0.02178532886810558
1102	6	-0.054745949240846414
1102	7	-0.053015405468912036
1102	8	-0.02776525057320356
1102	9	-0.02432112945157172
1102	10-11	0.015124603173745754
1102	12-13	0.01381558650105319
1102	14-15	-0.007346480604574879
1102	16-17	2.4963353176588043E-4
1102	18-19	0.02827309397218869
1102	20-21	0.04850706346636002
1102	22-23	0.03581625696534019
1102	24-25	0.03573383606903491
1102	26-27	0.03736254229725944
1102	28-29	0.03184582613776854
1102	30-31	0.027113694997161986
1102	32-33	0.02057649238044945
1102	34-35	-0.010525535388104856
1102	36-37	-0.013004511799081797
1102	38-39	0.0036301616955753957
1102	40-41	0.009555543536549749
1102	42-43	0.003732350727361222
1102	44-45	0.013851216452756887
1102	46-47	0.012109812258785269
1102	48-49	0.021543362372128172
1102	50-51	0.012766346372885096
1102	52-53	0.0016514919594001753
1102	54-55	-0.014122787600335585
1102	56-57	-0.021420148608036982
1102	58-59	-0.021145293032688528
1102	60-61	-0.01690440861041509
1102	62-63	-0.015416534451112796
1102	64-65	-0.01243500157541888
1102	66-67	-0.009862325823455365
1102	68-69	-0.00596479071436562
1102	70-71	0.01095853449929507
1102	72-73	0.027977379062491536
1102	74-75	0.08573185889107293
1102	76-77	0.1357715149466543
1102	78-79	0.11855871945744667
1102	80-81	0.11185253453422916
1102	82-83	0.1467766574175755
1102	84-85	0.15946730004158383
1102	86-87	0.1869763446827477
1102	88-89	0.2501217785086354
1102	90-91	0.30932271060182615
1102	92-93	0.31529511844291136
1102	94-95	0.31388152827391025
1102	96-97	0.3451050314523201
1102	98-99	0.41255742153278163
1102	100-101	0.4208250342299209
1103	1	0.056283413337329335
1103	2	-0.06179578042144129
1103	3	-0.15402597339623725
1103	4	-0.055708255188314126
1103	5	-0.014960551344152861
1103	6	-0.027082143382543222
1103	7	-0.002949389486737175
1103	8	-0.059454299822689904
1103	9	-0.03918745182535588
1103	10-11	5.424192741969591E-4
1103	12-13	-0.0028014986306104106
1103	14-15	-0.006752174081995577
1103	16-17	-0.024545745240175165
1103	18-19	0.00901177039752099
1103	20-21	0.04985175050946111
1103	22-23	0.03822429657981985
1103	24-25	0.023613602164928693
1103	26-27	0.010754158211248921
1103	28-29	0.014156082495958344
1103	30-31	0.013067424840528474
1103	32-33	0.026621131395344833
1103	34-35	-0.022689517293301265
1103	36-37	-0.014970569869824146
1103	38-39	-0.013211565387784674
1103	40-41	-0.014438053725776001
1103	42-43	-0.0016199668724112826
1103	44-45	0.005294577005848566
1103	46-47	0.005566973081712945
1103	48-49	0.0017200362298552818
1103	50-51	-0.01978970347253295
1103	52-53	-0.011752311191123965
1103	54-55	-0.024608956291181983
1103	56-57	-0.016014546005486352
1103	58-59	-0.03925302188569191
1103	60-61	-0.04102417021668714
1103	62-63	-0.019029734539302012
1103	64-65	-0.014926985785514546
1103	66-67	-0.0028059143913097273
1103	68-69	0.021661255684762182
1103	70-71	0.030387955898163455
1103	72-73	0.05268911417221034
1103	74-75	0.04815922955168617
1103	76-77	0.04429512495526211
1103	78-79	0.09148355077759618
1103	80-81	0.08638033564122338
1103	82-83	0.12344470139004216
1103	84-85	0.16568334068222867
1103	86-87	0.1832275583855676
1103	88-89	0.21815821911430078
1103	90-91	0.2657057670127685
1103	92-93	0.2949858804894987
1103	94-95	0.3124096499322775
1103	96-97	0.3088206976380832
1103	98-99	0.3606833555869571
1103	100-101	0.3628036085252049
1104	1	0.0861569417714243
1104	2	-0.052087010810062395
1104	3	-0.10854788435290175
1104	4	-0.04624914147205317
1104	5	-0.04983947654360321
1104	6	-0.04474061505335669
1104	7	-0.02163448289769576
1104	8	-0.01217819323599656
1104	9	-0.06396233205844482
1104	10-11	-0.025291501072473466
1104	12-13	-0.021736266019928507
1104	14-15	-0.03367274958859667
1104	16-17	-0.03592579043136368
1104	18-19	-0.003966845255334306
1104	20-21	0.037579857649873816
1104	22-23	0.005140178857537592
1104	24-25	0.007939876171235483
1104	26-27	-0.002773271116105036
1104	28-29	-0.004695152200440589
1104	30-31	-0.016888762812293123
1104	32-33	-8.717882187880832E-5
1104	34-35	4.272217379508447E-5
1104	36-37	4.0293269633195905E-4
1104	38-39	-0.004825112730415526
1104	40-41	-0.01829690443540244
1104	42-43	-0.014876082025416792
1104	44-45	0.009335017933288725
1104	46-47	-0.002101485476110554
1104	48-49	0.0321845451090752
1104	50-51	-0.0014666508851775006
1104	52-53	-0.026518210140260123
1104	54-55	-0.005971186775582282
1104	56-57	-0.007397993642420886
1104	58-59	-0.03626405638883767
1104	60-61	-0.0341026426504385
1104	62-63	-0.025271196733321233
1104	64-65	2.0466804709684538E-4
1104	66-67	0.007448600720699972
1104	68-69	0.02895403582606093
1104	70-71	0.028269022502414032
1104	72-73	0.048642110714723685
1104	74-75	0.07140724087566497
1104	76-77	0.05309848226999492
1104	78-79	0.09095977320521342
1104	80-81	0.10387260657986275
1104	82-83	0.13104029938500616
1104	84-85	0.145991997045833
1104	86-87	0.18694869860058105
1104	88-89	0.20128643157756443
1104	90-91	0.2788997784124092
1104	92-93	0.30794999981631577
1104	94-95	0.32408738184311403
1104	96-97	0.3226425594415545
1104	98-99	0.3895747117498445
1104	100-101	0.3706909196642698
1105	1	0.1154646988221657
1105	2	-0.04950860283525316
1105	3	-0.07212645269813578
1105	4	-0.029436428558810235
1105	5	-0.017028779992429577
1105	6	-0.02394675134193136
1105	7	-0.016279883731250777
1105	8	0.02663365103840931
1105	9	-5.536966962651491E-4
1105	10-11	-0.0024540837225615064
1105	12-13	-0.022167994419362458
1105	14-15	0.006999453562038127
1105	16-17	0.0010643037201276684
1105	18-19	0.01250982794886113
1105	20-21	0.03903120984263353
1105	22-23	0.008250296415404534
1105	24-25	-0.01702348848314017
1105	26-27	-0.038490820829657935
1105	28-29	-0.013481795756675297
1105	30-31	-0.007699002103827013
1105	32-33	-0.007661818959157074
1105	34-35	-0.010784775038480632
1105	36-37	-0.0015524229063643702
1105	38-39	0.007771147655297739
1105	40-41	0.006701509996602795
1105	42-43	0.01039715220360904
1105	44-45	0.017793652471702615
1105	46-47	-0.010322221681917654
1105	48-49	0.009400123476098088
1105	50-51	0.0048387799384315144
1105	52-53	0.009040736796535498
1105	54-55	-0.014106387281891841
1105	56-57	0.0027534595432214815
1105	58-59	-0.010621988957716155
1105	60-61	-0.013278753944277355
1105	62-63	-0.04660105873407616
1105	64-65	-0.03110713535016174
1105	66-67	-0.018543423021363026
1105	68-69	-0.0038236669862143913
1105	70-71	0.011927278825460519
1105	72-73	0.043686624322837986
1105	74-75	0.057285775596788824
1105	76-77	0.12665915385404958
1105	78-79	0.07801908853046058
1105	80-81	0.10767659733231483
1105	82-83	0.10468534729791656
1105	84-85	0.1199739510916018
1105	86-87	0.1253961676577191
1105	88-89	0.20964523567187854
1105	90-91	0.258000451116537
1105	92-93	0.2815400493070328
1105	94-95	0.3428090282477072
1105	96-97	0.3115528575480013
1105	98-99	0.3685005141618021
1105	100-101	0.3555485695521483
1106	1	0.0526413328630575
1106	2	-0.052602544718560296
1106	3	-0.02056401436713884
1106	4	-0.00496292603822468
1106	5	-6.071641452933818E-4
1106	6	-0.0012047796093739294
1106	7	-0.03454951157537778
1106	8	-0.05476421587126623
1106	9	-0.04216983478274727
1106	10-11	0.00834967615848825
1106	12-13	0.0051785535997694865
1106	14-15	0.007879514047807845
1106	16-17	0.018653399221776112
1106	18-19	0.037315049484845986
1106	20-21	0.06117200877031337
1106	22-23	0.04300786557431735
1106	24-25	0.008666997509074292
1106	26-27	0.018699401831931084
1106	28-29	0.0266742713505721
1106	30-31	0.03899019495477063
1106	32-33	0.01952761179500584
1106	34-35	-0.005921453342338623
1106	36-37	0.004200907783797447
1106	38-39	0.015828539599588964
1106	40-41	-9.135962420074861E-4
1106	42-43	-0.0018722062781648674
1106	44-45	0.01420328758863576
1106	46-47	0.024737082675059696
1106	48-49	0.009379367727078147
1106	50-51	0.00937771012724653
1106	52-53	0.020604825273714766
1106	54-55	-0.004681606390704474
1106	56-57	0.0027966646862083167
1106	58-59	0.01890620038502533
1106	60-61	0.011786805668549505
1106	62-63	0.024590807602379527
1106	64-65	0.00626820554590779
1106	66-67	0.009954317407633084
1106	68-69	0.03308358575000625
1106	70-71	0.05170935437095636
1106	72-73	0.0845564367756495
1106	74-75	0.10376247329421773
1106	76-77	0.045659146198467226
1106	78-79	0.07357622203964809
1106	80-81	0.11087924746847477
1106	82-83	0.12454181019192845
1106	84-85	0.11211335816279444
1106	86-87	0.16190525896121244
1106	88-89	0.22569454046207937
1106	90-91	0.26790582855792167
1106	92-93	0.28590533511357563
1106	94-95	0.3260614130252719
1106	96-97	0.32275706901593537
1106	98-99	0.37388771353211325
1106	100-101	0.40117585792560106
1107	1	0.00364804323664103
1107	2	-0.009491309661012082
1107	3	-0.24426415177472194
1107	4	-0.0646093431239052
1107	5	0.004160575960895585
1107	6	0.005963338829239717
1107	7	0.010895675281076933
1107	8	0.03389319559993709
1107	9	0.027314268766794214
1107	10-11	0.02346636594353413
1107	12-13	0.03699243116274431
1107	14-15	0.03545975392786005
1107	16-17	0.021470220809916896
1107	18-19	0.028178744333096972
1107	20-21	0.0508954494173679
1107	22-23	0.024645953945089616
1107	24-25	0.04549564815511076
1107	26-27	0.04664053990710215
1107	28-29	0.03542859961758893
1107	30-31	0.044646612905985705
1107	32-33	0.03273955081242974
1107	34-35	0.026829609260090592
1107	36-37	0.03662873932739785
1107	38-39	0.05223397002017549
1107	40-41	0.021694956329319837
1107	42-43	0.03612400496363932
1107	44-45	0.04655368519905778
1107	46-47	0.04637431453378582
1107	48-49	0.05813222656247774
1107	50-51	0.03632142105219316
1107	52-53	0.0551817603425917
1107	54-55	0.040901143464203926
1107	56-57	0.03148163404586768
1107	58-59	0.0600431121076781
1107	60-61	0.051979884765870565
1107	62-63	0.06760624860603315
1107	64-65	0.05731268349445173
1107	66-67	0.09193277258004429
1107	68-69	0.06298631795076659
1107	70-71	0.0692150796598554
1107	72-73	0.10297479948450672
1107	74-75	0.1412141099860449
1107	76-77	0.11339551120504865
1107	78-79	0.1602173168172385
1107	80-81	0.14572615123363164
1107	82-83	0.15186020420967594
1107	84-85	0.20756796451022552
1107	86-87	0.21814997583002338
1107	88-89	0.2828544787801306
1107	90-91	0.29194943055240685
1107	92-93	0.3618171071156553
1107	94-95	0.3646327785767056
1107	96-97	0.3743703663817399
1107	98-99	0.44240080521889524
1107	100-101	0.4580321589627161
1108	1	-0.005083528719175945
1108	2	0.010848403099387838
1108	3	-0.056219557993642866
1108	4	-0.027382864594045486
1108	5	0.006602690303715519
1108	6	-0.0317031935072265
1108	7	0.058719214726501434
1108	8	0.04467155387970223
1108	9	0.04934793246464153
1108	10-11	0.046650721997011146
1108	12-13	0.05045385650142009
1108	14-15	0.026146530259559597
1108	16-17	0.03516092293060069
1108	18-19	0.014600829361256729
1108	20-21	0.06170274241098639
1108	22-23	0.07012840477352
1108	24-25	0.07018624443564647
1108	26-27	0.0648961712587166
1108	28-29	0.06089359578767528
1108	30-31	0.05933179139798739
1108	32-33	0.05236705669276631
1108	34-35	0.0656250411144299
1108	36-37	0.052515145606115254
1108	38-39	0.04420330289894281
1108	40-41	0.05240615680210681
1108	42-43	0.039543068348940835
1108	44-45	0.053451387758975955
1108	46-47	0.05765042891945882
1108	48-49	0.04650819388801608
1108	50-51	0.05735552809816369
1108	52-53	0.04201082072238904
1108	54-55	0.06236678564819442
1108	56-57	0.03668198040377746
1108	58-59	0.054866196507774134
1108	60-61	0.054974378273350055
1108	62-63	0.08479489062893464
1108	64-65	0.08102610205548189
1108	66-67	0.0884584526145531
1108	68-69	0.10109110703238855
1108	70-71	0.0976123986825499
1108	72-73	0.12152746377756074
1108	74-75	0.13606348310764105
1108	76-77	0.2809701417900001
1108	78-79	0.2039213609334638
1108	80-81	0.16614936072522823
1108	82-83	0.19181332406439822
1108	84-85	0.23093368347546317
1108	86-87	0.22187095805838908
1108	88-89	0.28799919020047327
1108	90-91	0.3269839907778831
1108	92-93	0.36233471903457826
1108	94-95	0.3751339701125005
1108	96-97	0.40982145073914467
1108	98-99	0.4356159389644887
1108	100-101	0.45727870119673497
1109	1	-0.012297446474264007
1109	2	0.00916312195101554
1109	3	-0.024289427935549668
1109	4	-0.008941660914402405
1109	5	0.019195088092637036
1109	6	0.0031099389189606086
1109	7	0.03879429732233319
1109	8	-0.019553857889775372
1109	9	0.029836865392141476
1109	10-11	0.020534171086111996
1109	12-13	0.025270513828829166
1109	14-15	0.004790056822407962
1109	16-17	0.014420633649677939
1109	18-19	0.011224184812121507
1109	20-21	0.019695575691628164
1109	22-23	0.022498472894007193
1109	24-25	0.027346870861421735
1109	26-27	0.030547425221762126
1109	28-29	0.019950686396725814
1109	30-31	0.02535058886977737
1109	32-33	0.014985854298366519
1109	34-35	0.027869932786202867
1109	36-37	0.041046427140507546
1109	38-39	0.03806402844278267
1109	40-41	0.05000246096170713
1109	42-43	0.05565266536108027
1109	44-45	0.011419260390454156
1109	46-47	0.05118404943952726
1109	48-49	0.05664397289579881
1109	50-51	0.0591643289738073
1109	52-53	0.05706018414259262
1109	54-55	0.06025070532627552
1109	56-57	0.07528502342203325
1109	58-59	0.06541053370544603
1109	60-61	0.060137242391462564
1109	62-63	0.07475250662703559
1109	64-65	0.07387028609225155
1109	66-67	0.077612879797897
1109	68-69	0.0853091519235889
1109	70-71	0.08617411680204157
1109	72-73	0.06612275763019682
1109	74-75	0.08542944371637873
1109	76-77	0.037888418151531766
1109	78-79	0.11437873061139214
1109	80-81	0.14683303813924198
1109	82-83	0.17214249663104653
1109	84-85	0.19960515712668325
1109	86-87	0.23914235475329804
1109	88-89	0.2669568119564687
1109	90-91	0.2886693130267375
1109	92-93	0.34170116901223935
1109	94-95	0.37681369261090936
1109	96-97	0.33957852850896586
1109	98-99	0.43232586646267634
1109	100-101	0.44778880844878444
1110	1	0.02553542913137008
1110	2	-0.011820950849219969
1110	3	-0.17154679620112034
1110	4	-0.03639548229769218
1110	5	-0.04563609684394976
1110	6	-0.015157101049631194
1110	7	-0.017919721586054038
1110	8	-0.10790510926712926
1110	9	-0.012230825612256524
1110	10-11	-0.00537584497880772
1110	12-13	2.916347443076006E-4
1110	14-15	-0.003161685124261737
1110	16-17	-6.235430866183833E-4
1110	18-19	-0.015874234195663917
1110	20-21	-0.02497036123290286
1110	22-23	0.0038201723837190116
1110	24-25	-0.001892101046166772
1110	26-27	-8.014260703461673E-4
1110	28-29	-0.015539292860843545
1110	30-31	0.006980390207623088
1110	32-33	0.0072086325510625215
1110	34-35	-0.019543215549269632
1110	36-37	0.011758370561658182
1110	38-39	-0.007734600294128313
1110	40-41	-0.005745446384366915
1110	42-43	0.019768448340869327
1110	44-45	-0.008786803904975216
1110	46-47	-0.023934046377746654
1110	48-49	0.01862529150567127
1110	50-51	-0.02238395287386652
1110	52-53	0.028477754837503255
1110	54-55	0.036058172471378214
1110	56-57	0.032678501999122034
1110	58-59	0.03958503780080491
1110	60-61	0.040467290558069635
1110	62-63	0.03964985050023273
1110	64-65	0.04734281147980113
1110	66-67	0.05441828604318033
1110	68-69	0.05252231538574392
1110	70-71	0.06701020091695398
1110	72-73	0.07615360831732687
1110	74-75	0.07831843553359619
1110	76-77	0.17750546459594574
1110	78-79	0.13914162317558976
1110	80-81	0.05997083929825919
1110	82-83	0.06557240929610941
1110	84-85	0.16675579551777986
1110	86-87	0.21723809519500747
1110	88-89	0.2377525356657273
1110	90-91	0.2703392163899494
1110	92-93	0.30421845285817284
1110	94-95	0.35595816759280297
1110	96-97	0.3698607934621876
1110	98-99	0.43991260655471365
1110	100-101	0.40200525599357917
1111	1	0.01591836341927788
1111	2	0.005418991198315126
1111	3	-0.10548438122921766
1111	4	-0.027016197982639767
1111	5	-0.02553533866787916
1111	6	-0.02619863547083412
1111	7	-0.004226643850259393
1111	8	-0.012796526271479536
1111	9	-0.007635199379990354
1111	10-11	-0.004324642255625122
1111	12-13	-0.00850874854372563
1111	14-15	-0.00714652232591817
1111	16-17	1.3643074538549627E-5
1111	18-19	-0.03008225938857123
1111	20-21	-0.026949710886142952
1111	22-23	-0.005607387906572114
1111	24-25	-9.844221196289027E-4
1111	26-27	-8.242035243668511E-4
1111	28-29	-0.004277310244098942
1111	30-31	4.35314194170644E-4
1111	32-33	-0.027718492200314415
1111	34-35	-0.007010966985049549
1111	36-37	-0.006633486292521695
1111	38-39	-0.012086842440616863
1111	40-41	0.005434002417104011
1111	42-43	0.009480130938570142
1111	44-45	0.004219250279980713
1111	46-47	0.0016862363275080838
1111	48-49	0.016218444021838252
1111	50-51	0.012818122075003657
1111	52-53	0.009817645152892851
1111	54-55	0.032657520347058266
1111	56-57	0.03236896461147154
1111	58-59	0.02076580468679623
1111	60-61	0.01864036278571035
1111	62-63	0.04536050479023146
1111	64-65	0.03402429583311317
1111	66-67	0.026293163261023267
1111	68-69	0.05018800071556484
1111	70-71	0.04956837449432072
1111	72-73	0.06282161081340121
1111	74-75	0.1133041450939487
1111	76-77	0.1355691009172304
1111	78-79	0.10276439780243152
1111	80-81	0.13015433769397333
1111	82-83	0.15658969705046388
1111	84-85	0.16217138121718477
1111	86-87	0.2132439051537034
1111	88-89	0.22905739127217117
1111	90-91	0.2454725521289305
1111	92-93	0.31480079449200105
1111	94-95	0.3605874549959651
1111	96-97	0.3781287458442222
1111	98-99	0.4165567570315858
1111	100-101	0.32821644492758395
1112	1	0.00164068260336947
1112	2	0.02856704670326593
1112	3	-0.02051675217115445
1112	4	-0.02919739942043975
1112	5	-0.03017158363310557
1112	6	-0.035080141355315675
1112	7	-0.034379632129613924
1112	8	-0.054368609543878677
1112	9	-0.022850886542748583
1112	10-11	-0.035616742643242105
1112	12-13	-0.03417090994503269
1112	14-15	-0.020553131032464478
1112	16-17	-0.02537309765601492
1112	18-19	-0.04984494949508189
1112	20-21	-0.05701707483365226
1112	22-23	-0.04494513942348988
1112	24-25	-0.04358102403373465
1112	26-27	-0.04465122504114305
1112	28-29	-0.036986212782963435
1112	30-31	-0.058169939794517234
1112	32-33	-0.04971977577616116
1112	34-35	-0.045071902429199895
1112	36-37	-0.012673822914088362
1112	38-39	-0.026905317499263504
1112	40-41	-0.010650316376398905
1112	42-43	-0.03248681302042655
1112	44-45	0.002705763000882655
1112	46-47	-0.018331031834890155
1112	48-49	-0.004062519300163103
1112	50-51	-0.005341767665576924
1112	52-53	0.0017506509414673133
1112	54-55	0.005758317093238929
1112	56-57	0.011423680586744922
1112	58-59	0.005829850529536884
1112	60-61	0.00478306746781243
1112	62-63	0.010518231862128857
1112	64-65	0.020330902726222178
1112	66-67	0.023729869724441244
1112	68-69	0.02654274069985263
1112	70-71	0.06016330827885952
1112	72-73	0.06898832666065857
1112	74-75	0.10502440100504629
1112	76-77	0.07608411300984841
1112	78-79	0.13100048668799502
1112	80-81	0.1234060872556384
1112	82-83	0.16200251498707274
1112	84-85	0.1626678075746213
1112	86-87	0.2181667105005829
1112	88-89	0.25610910143621624
1112	90-91	0.2824660419796814
1112	92-93	0.2933400898444418
1112	94-95	0.33447376830933706
1112	96-97	0.3667653137812721
1112	98-99	0.4190684607427073
1112	100-101	0.44814403987435725
1113	1	0.024564123101047386
1113	2	0.021358525126949246
1113	3	0.0500761702596364
1113	4	-0.0069894403957135864
1113	5	-0.0023788015084278413
1113	6	-0.04450355402983064
1113	7	-0.02675216475059017
1113	8	0.006648286047429508
1113	9	0.017062441140033968
1113	10-11	-0.002826084795110262
1113	12-13	-0.005895531767365014
1113	14-15	-0.006518890382018583
1113	16-17	-0.0037733574818616944
1113	18-19	-0.009703761779192632
1113	20-21	-0.0180659459244481
1113	22-23	-0.015285551599752978
1113	24-25	-0.011973516116128735
1113	26-27	-0.01423125664967273
1113	28-29	0.0026254623885222372
1113	30-31	0.006905500503549433
1113	32-33	4.95470560494482E-4
1113	34-35	0.011683015770195482
1113	36-37	0.03059988747171616
1113	38-39	0.013927868146531353
1113	40-41	0.022826587550476063
1113	42-43	0.02615156419707887
1113	44-45	0.028006605722602274
1113	46-47	0.015930669014295518
1113	48-49	0.03503392327795041
1113	50-51	0.02968086565849859
1113	52-53	0.04446648334872094
1113	54-55	0.04055176184269982
1113	56-57	0.04016913060815597
1113	58-59	0.03486294338463125
1113	60-61	0.032292136394218574
1113	62-63	0.059486598804873836
1113	64-65	0.0669870823032852
1113	66-67	0.08291914791374921
1113	68-69	0.08291715161620061
1113	70-71	0.09453754228375999
1113	72-73	0.12028304847000726
1113	74-75	0.11366640296249386
1113	76-77	0.1381746671222075
1113	78-79	0.14242393596519776
1113	80-81	0.14509120375657858
1113	82-83	0.1862974633919805
1113	84-85	0.1962252592841196
1113	86-87	0.22572000137255088
1113	88-89	0.2770343796986765
1113	90-91	0.29227090837908776
1113	92-93	0.34768742014101406
1113	94-95	0.3518774781022813
1113	96-97	0.3827273506820603
1113	98-99	0.46326298761194806
1113	100-101	0.45450685034877836
1114	1	0.03361937545013305
1114	2	0.010686692328008007
1114	3	0.028364846315234615
1114	4	0.021679987488752772
1114	5	-0.00904884401922601
1114	6	-0.011422332712342609
1114	7	-0.0045764830368497655
1114	8	0.02549106212816099
1114	9	0.001410689684469446
1114	10-11	-0.01430000983849311
1114	12-13	-0.014669712083431818
1114	14-15	-0.001081939740217308
1114	16-17	-0.003048979440613664
1114	18-19	-0.020149281054983703
1114	20-21	-0.022581706719300598
1114	22-23	-0.01748069933298524
1114	24-25	-0.007274635217825676
1114	26-27	-0.025728987144226778
1114	28-29	-0.02423275307234718
1114	30-31	-0.01649187418750131
1114	32-33	0.005575340761559744
1114	34-35	0.0027281258708171663
1114	36-37	0.016168173378389383
1114	38-39	0.033364150956877836
1114	40-41	0.009292391145777401
1114	42-43	0.027100937459380248
1114	44-45	0.010871754250892707
1114	46-47	0.026947919335000847
1114	48-49	0.01635930563720933
1114	50-51	0.024915347613244876
1114	52-53	0.014064058989760042
1114	54-55	0.02820148587493776
1114	56-57	0.015776278697586577
1114	58-59	0.017611691788694372
1114	60-61	0.04804365395983723
1114	62-63	0.059883556735847776
1114	64-65	0.04745608070810903
1114	66-67	0.08480374732765483
1114	68-69	0.08079300296154202
1114	70-71	0.0951872093870989
1114	72-73	0.108195761378866
1114	74-75	0.13279216583428166
1114	76-77	0.13001692461198644
1114	78-79	0.1297148065597611
1114	80-81	0.12743909984325796
1114	82-83	0.17138239789429832
1114	84-85	0.20636703302367465
1114	86-87	0.24336377125773367
1114	88-89	0.28685404130795433
1114	90-91	0.30211324777329196
1114	92-93	0.33986038909040417
1114	94-95	0.36249143114688565
1114	96-97	0.3518427016652339
1114	98-99	0.4471123404291859
1114	100-101	0.4255484957679627
1115	1	0.03919230778488014
1115	2	0.029777952584332468
1115	3	0.07680552083639469
1115	4	0.03979497897018547
1115	5	0.017089633263871917
1115	6	2.0672296808044166E-4
1115	7	0.0023523167628596298
1115	8	0.019291233190237733
1115	9	-0.03647891257365643
1115	10-11	-0.019376958970816816
1115	12-13	-0.04671426700085135
1115	14-15	-0.018729617546121347
1115	16-17	-0.01277968128211171
1115	18-19	-0.013507575760897339
1115	20-21	-0.01782471483429049
1115	22-23	-0.029134630011277807
1115	24-25	-0.019675185365755965
1115	26-27	-0.027511125308230078
1115	28-29	-0.051263612730892305
1115	30-31	-0.07066500355968941
1115	32-33	-0.04041526707837306
1115	34-35	-0.007319776452831661
1115	36-37	0.013009741942205721
1115	38-39	0.02331317642074282
1115	40-41	-0.006118926913636358
1115	42-43	0.005283128958723182
1115	44-45	-0.0010552798969101218
1115	46-47	-0.0073871452096057055
1115	48-49	0.019795564382690145
1115	50-51	0.011049325674456156
1115	52-53	0.010338538319139445
1115	54-55	0.03988398011176031
1115	56-57	0.05566048582287664
1115	58-59	0.05058027430536782
1115	60-61	0.04346012998379223
1115	62-63	0.0707604281768468
1115	64-65	0.055678924077874115
1115	66-67	0.0747948440304711
1115	68-69	0.08493433839124975
1115	70-71	0.07147376495365165
1115	72-73	0.09166008146399207
1115	74-75	0.09968145972079157
1115	76-77	0.11060740743096886
1115	78-79	0.08511002856550931
1115	80-81	0.07385960933063984
1115	82-83	0.1262962792624478
1115	84-85	0.18173071219897707
1115	86-87	0.20021932864127479
1115	88-89	0.2651890122730478
1115	90-91	0.29016440918181274
1115	92-93	0.29264179605825547
1115	94-95	0.3319006274336118
1115	96-97	0.35534544609735974
1115	98-99	0.3974957421212011
1115	100-101	0.44319948427185096
1116	1	0.012573235532226334
1116	2	0.027215180751497314
1116	3	0.05771358306706986
1116	4	0.02620699535140858
1116	5	0.011517459987736345
1116	6	0.026799895662620088
1116	7	0.0071074675655538044
1116	8	0.037433913991172574
1116	9	0.004835397855345036
1116	10-11	-0.02172003038012349
1116	12-13	-0.009777987074841121
1116	14-15	-0.002023826484197855
1116	16-17	0.0102991959405756
1116	18-19	-0.01805485607491164
1116	20-21	-0.02058160767106898
1116	22-23	-0.02986797940062047
1116	24-25	-0.0265914458982337
1116	26-27	-0.025718493071885007
1116	28-29	-0.02604234922375781
1116	30-31	-0.02242061225389591
1116	32-33	-0.05393570900481848
1116	34-35	-2.3942202901139353E-4
1116	36-37	-0.006335899513210563
1116	38-39	-0.030105014904883376
1116	40-41	0.0032478909826352265
1116	42-43	0.01905849172523233
1116	44-45	0.013502785112507354
1116	46-47	0.01584416240164188
1116	48-49	0.004916637479183805
1116	50-51	0.0022631270861523944
1116	52-53	0.009095055016310027
1116	54-55	0.015847104838279336
1116	56-57	0.037702888812098934
1116	58-59	0.02319626362137228
1116	60-61	0.025496342184169407
1116	62-63	0.03921412183917283
1116	64-65	0.050272129101763596
1116	66-67	0.06593066504508727
1116	68-69	0.05726268834990833
1116	70-71	0.07258294964768908
1116	72-73	0.09263517054032633
1116	74-75	0.11615180973750938
1116	76-77	0.15188854192593482
1116	78-79	0.12450188051185762
1116	80-81	0.11470584029282804
1116	82-83	0.16665881334235166
1116	84-85	0.16430217655878465
1116	86-87	0.2092866848133994
1116	88-89	0.2638888813906348
1116	90-91	0.27093057042590374
1116	92-93	0.2317707264572988
1116	94-95	0.259394692572414
1116	96-97	0.3087691689527645
1116	98-99	0.28680703344347336
1116	100-101	0.26848428870183483
1117	1	-0.02529029609575062
1117	2	0.019259513532791317
1117	3	0.06145090249616203
1117	4	0.017089486329751935
1117	5	0.001800728237050464
1117	6	0.00991207289612106
1117	7	0.02108350068665743
1117	8	0.018802992538738295
1117	9	0.02440357967754636
1117	10-11	0.010213647208885845
1117	12-13	-0.0014989283994211178
1117	14-15	0.004331792271806023
1117	16-17	4.46715669923492E-4
1117	18-19	0.018782081223527314
1117	20-21	0.0054520623755536235
1117	22-23	0.001885604939708685
1117	24-25	-0.002578786817068135
1117	26-27	-0.011905925385015337
1117	28-29	-0.0029694013831829125
1117	30-31	-4.567241526345356E-4
1117	32-33	0.01712214253014821
1117	34-35	-0.009995894305504294
1117	36-37	0.014140455195324364
1117	38-39	0.018879608933652037
1117	40-41	0.02289941378222693
1117	42-43	0.01472699030072988
1117	44-45	0.027059352008059534
1117	46-47	0.016618833098419827
1117	48-49	0.018324523363560274
1117	50-51	0.030933425866194852
1117	52-53	0.013233912729837982
1117	54-55	0.0038880077721401562
1117	56-57	0.011975385985721232
1117	58-59	0.02946994410876158
1117	60-61	0.007244762057695198
1117	62-63	0.0019722036506024665
1117	64-65	0.0433536835583439
1117	66-67	0.04405863117359843
1117	68-69	0.08945993431665755
1117	70-71	0.05151638007684767
1117	72-73	0.05028615368909328
1117	74-75	0.06616828397024932
1117	76-77	0.014116806693650119
1117	78-79	0.02366219627796795
1117	80-81	0.01887855010245687
1117	82-83	0.03096168101849628
1117	84-85	0.042490374752439664
1117	86-87	0.054159655010820984
1117	88-89	0.05206627188760393
1117	90-91	0.07975163764623261
1117	92-93	-0.027085830810896994
1117	94-95	-0.2452718659101052
1117	96-97	-0.19075452982254149
1117	98-99	-0.3626872552282805
1117	100-101	-0.3466328215822827
1118	1	-0.014958278075916098
1118	2	-0.003601688604177866
1118	3	0.08434276361446535
1118	4	0.03713158032385877
1118	5	-0.030650014499968847
1118	6	0.029393494315250734
1118	7	-0.029272053701816958
1118	8	-0.025218726326407648
1118	9	-0.032690898847810956
1118	10-11	-0.018948898665556158
1118	12-13	-0.014482463485897767
1118	14-15	0.0039023047901949326
1118	16-17	-0.012290411919948951
1118	18-19	-8.602556722649979E-4
1118	20-21	-0.01998100530158098
1118	22-23	-0.012345623754931978
1118	24-25	-0.011842209554671967
1118	26-27	-0.03684755871362455
1118	28-29	-0.022464219249208384
1118	30-31	-0.019369110634812614
1118	32-33	0.019748840715521965
1118	34-35	0.03051504016530515
1118	36-37	-0.004026283930308239
1118	38-39	0.019148619684706603
1118	40-41	0.008065703138683489
1118	42-43	0.017891641410557213
1118	44-45	0.014007980185283486
1118	46-47	0.0077104221585670984
1118	48-49	-0.03730131404370951
1118	50-51	-0.0123359806811294
1118	52-53	-0.00270657013140152
1118	54-55	-0.009065200857840239
1118	56-57	-6.041556063323128E-4
1118	58-59	7.394302775054484E-5
1118	60-61	-0.004114427101711726
1118	62-63	-0.06132129757639859
1118	64-65	-0.040385482664945016
1118	66-67	-0.07317909442743797
1118	68-69	-0.14108019070599198
1118	70-71	-0.151238921313805
1118	72-73	-0.16920528249283961
1118	74-75	-0.27044683895470456
1118	76-77	-0.28774325860201344
1118	78-79	-0.2753550186439071
1118	80-81	-0.215012482478123
1118	82-83	-0.24269660395835047
1118	84-85	-0.26037190631448226
1118	86-87	-0.2906258116968985
1118	88-89	-0.23574135303062604
1118	90-91	-0.35258278287979294
1118	92-93	-0.4466164459488837
1118	94-95	-0.40595007121429916
1118	96-97	-0.44456293459023755
1118	98-99	-0.4817240335848254
1118	100-101	-0.3124586670494338
1119	1	-0.012473296002550427
1119	2	-0.007867425660922578
1119	3	0.028512870087439524
1119	4	-0.054236851616366266
1119	5	-0.06872798356203447
1119	6	-0.10580275101578707
1119	7	-0.10613605046573582
1119	8	-0.13140880421254053
1119	9	-0.06319094783059143
1119	10-11	-0.08546454431129291
1119	12-13	-0.07190353635245117
1119	14-15	-0.0867497992774986
1119	16-17	-0.07776858648384177
1119	18-19	-0.10465575372765556
1119	20-21	-0.13651995411605355
1119	22-23	-0.1198957024265539
1119	24-25	-0.10649663928614927
1119	26-27	-0.10924162407705751
1119	28-29	-0.15936404628582324
1119	30-31	-0.12384911589983005
1119	32-33	-0.1497430811847167
1119	34-35	-0.11154881258914884
1119	36-37	-0.10130976199882724
1119	38-39	-0.11632771450621959
1119	40-41	-0.1231776191311269
1119	42-43	-0.1852533072723972
1119	44-45	-0.18761032122186094
1119	46-47	-0.1847294358705298
1119	48-49	-0.20590194814947438
1119	50-51	-0.1331826958496407
1119	52-53	-0.17631639035818125
1119	54-55	-0.17398480779088032
1119	56-57	-0.16841348718966742
1119	58-59	-0.16741788559941995
1119	60-61	-0.15849213616859004
1119	62-63	-0.23333796360001458
1119	64-65	-0.2831584408945176
1119	66-67	-0.330517576863663
1119	68-69	-0.3012308251921638
1119	70-71	-0.3391921153008184
1119	72-73	-0.3318482788172261
1119	74-75	-0.38463905025655265
1119	76-77	-0.5094636644562698
1119	78-79	-0.37845280830651973
1119	80-81	-0.2696042053114809
1119	82-83	-0.36173396151249904
1119	84-85	-0.3834848440725054
1119	86-87	-0.359602947299031
1119	88-89	-0.36810537298280366
1119	90-91	-0.2938262472275497
1119	92-93	-0.23030693838958172
1119	94-95	-0.23932090613292445
1119	96-97	-0.23047788173913375
1119	98-99	-0.44047808787111364
1119	100-101	-0.3121026441714321
1120	1	-0.039578004646756426
1120	2	-0.01079241511030915
1120	3	0.023566165800382066
1120	4	-0.048719372956917084
1120	5	-0.017022078011109443
1120	6	-0.008871427767935813
1120	7	-0.050877950569393704
1120	8	0.01887149025007062
1120	9	0.01606160338144491
1120	10-11	-0.01187467836486178
1120	12-13	-0.014820939591238869
1120	14-15	0.021070577551419944
1120	16-17	-0.008520409192769307
1120	18-19	-0.015798674558070047
1120	20-21	-0.052671151774561054
1120	22-23	-0.027630903161252718
1120	24-25	-0.0023642895676090347
1120	26-27	-0.02704607108613999
1120	28-29	-0.03712583996694718
1120	30-31	-0.03881120839056251
1120	32-33	-0.058235902914198334
1120	34-35	-0.06280897934601626
1120	36-37	-0.107894403939639
1120	38-39	-0.10041897404180133
1120	40-41	-0.10203158738426055
1120	42-43	-0.15544667117538324
1120	44-45	-0.14826972133146654
1120	46-47	-0.18369201139128677
1120	48-49	-0.16781155880267562
1120	50-51	-0.20231906629832963
1120	52-53	-0.20676822717270937
1120	54-55	-0.23969060279745946
1120	56-57	-0.2505975735397854
1120	58-59	-0.26216528682179074
1120	60-61	-0.27400328816261776
1120	62-63	-0.32928493340426
1120	64-65	-0.33082527699509257
1120	66-67	-0.3597173921058996
1120	68-69	-0.4295991309450642
1120	70-71	-0.48189256999168606
1120	72-73	-0.4912471541669774
1120	74-75	-0.5416203586701798
1120	76-77	-0.5339157165740218
1120	78-79	-0.522028799878882
1120	80-81	-0.5536692209702494
1120	82-83	-0.5606103226428871
1120	84-85	-0.6061502470352238
1120	86-87	-0.6854988313918682
1120	88-89	-0.5712783120046012
1120	90-91	-0.584623630797303
1120	92-93	-0.5441280094125958
1120	94-95	-0.5224753029044749
1120	96-97	-0.4943955650864993
1120	98-99	-0.5459119420540475
1120	100-101	-0.5071439808872711
1121	1	-0.06737444857050079
1121	2	0.04957573293002682
1121	3	0.11988215619106057
1121	4	0.07695935784113317
1121	5	0.05465847351955233
1121	6	0.10226606168437513
1121	7	0.06449407512607053
1121	8	0.08678868012815144
1121	9	0.03964422350454555
1121	10-11	0.032947700085031784
1121	12-13	0.028976241577097994
1121	14-15	0.032800970399634366
1121	16-17	0.03720286186211297
1121	18-19	0.047693724080517086
1121	20-21	0.022942411299794685
1121	22-23	0.038581573725444684
1121	24-25	0.030560840575311943
1121	26-27	0.04372077613135161
1121	28-29	0.057473234356685055
1121	30-31	0.05226957918301167
1121	32-33	0.03618960275071714
1121	34-35	0.05300932083999044
1121	36-37	0.040808908747550277
1121	38-39	0.03243055719994459
1121	40-41	0.0312345290835907
1121	42-43	0.04573834020658296
1121	44-45	0.025443202481632454
1121	46-47	0.025673356017122728
1121	48-49	-7.96454490895826E-4
1121	50-51	-0.005714980713662499
1121	52-53	-0.028915067130661498
1121	54-55	-0.036088799714256936
1121	56-57	-0.04407355497964005
1121	58-59	-0.06874723677405825
1121	60-61	-0.09670517289923453
1121	62-63	-0.13499008174191118
1121	64-65	-0.1539842742791464
1121	66-67	-0.20787689992939562
1121	68-69	-0.27453451673116547
1121	70-71	-0.31077522643633415
1121	72-73	-0.4046469274229523
1121	74-75	-0.5027481339101527
1121	76-77	-0.5489201235123105
1121	78-79	-0.5624649599657658
1121	80-81	-0.5438922436925537
1121	82-83	-0.6858613382375083
1121	84-85	-0.7155956571167081
1121	86-87	-0.6897588529223881
1121	88-89	-0.7370442062868463
1121	90-91	-0.6665443193220923
1121	92-93	-0.6470499135332446
1121	94-95	-0.6057097602661372
1121	96-97	-0.569918129761092
1121	98-99	-0.5719533626257771
1121	100-101	-0.5937373898193314
1122	1	-0.050785737897619754
1122	2	0.047464864933076
1122	3	0.14840453508264062
1122	4	0.10588527939255954
1122	5	0.06459322743212681
1122	6	0.11591570899432213
1122	7	0.09859266679191592
1122	8	0.025906524738402936
1122	9	0.06392352285304526
1122	10-11	0.03748997579518232
1122	12-13	0.032308339746407455
1122	14-15	0.037040243086110536
1122	16-17	0.03326639737780113
1122	18-19	0.04356492018965952
1122	20-21	0.02571564014254335
1122	22-23	0.008709708954420137
1122	24-25	0.03190421748004724
1122	26-27	0.04735309840911839
1122	28-29	0.061988564533123736
1122	30-31	0.04288873649518621
1122	32-33	0.040886502087310816
1122	34-35	0.04593440855229858
1122	36-37	0.03718678394162822
1122	38-39	0.0275873279081722
1122	40-41	0.03566071052183872
1122	42-43	0.04601274385424148
1122	44-45	0.06016244278438165
1122	46-47	0.07452800250125335
1122	48-49	0.061985292821759685
1122	50-51	0.0760837647505781
1122	52-53	0.07157313127265752
1122	54-55	0.05524245575085729
1122	56-57	0.0764407545866348
1122	58-59	0.08794352437165998
1122	60-61	0.09874098450919178
1122	62-63	0.10370524605097131
1122	64-65	0.09798651113768386
1122	66-67	0.06997532505046422
1122	68-69	0.07534068481552936
1122	70-71	-0.006337896426380496
1122	72-73	-0.2074158372068169
1122	74-75	-0.3054705517121974
1122	76-77	-0.37465129957184473
1122	78-79	-0.5161969314079329
1122	80-81	-0.5305375293349144
1122	82-83	-0.6368324256269631
1122	84-85	-0.5719923814966066
1122	86-87	-0.6744873976563923
1122	88-89	-0.6864810764446574
1122	90-91	-0.5954516355478106
1122	92-93	-0.5818486440353681
1122	94-95	-0.5638839609231283
1122	96-97	-0.7057624138727618
1122	98-99	-0.567319692424654
1122	100-101	-0.6060224119454389
1123	1	-0.016937856907258464
1123	2	0.04705040357564627
1123	3	0.19034802276870266
1123	4	0.08947359949739564
1123	5	0.0634346078822503
1123	6	0.09140869306290966
1123	7	0.043854750808897336
1123	8	0.07223817487519568
1123	9	0.05327631073912187
1123	10-11	0.018708916330481884
1123	12-13	0.015423904467262162
1123	14-15	0.02759889112479641
1123	16-17	0.009425240611207641
1123	18-19	0.021721647819902046
1123	20-21	0.014141079569910175
1123	22-23	0.018381085516388396
1123	24-25	-0.00985221156460625
1123	26-27	0.03577066936410489
1123	28-29	0.0679842026115125
1123	30-31	0.025842801860349596
1123	32-33	0.031175706200308184
1123	34-35	0.010785208230757348
1123	36-37	0.025141019386161645
1123	38-39	0.0399020279472424
1123	40-41	0.02695190950158377
1123	42-43	0.02848813078693979
1123	44-45	0.02949157530780866
1123	46-47	0.01950346170836781
1123	48-49	0.030674117552869973
1123	50-51	0.029809030121739966
1123	52-53	0.036378784517943075
1123	54-55	0.05062914958880782
1123	56-57	0.03298131951693506
1123	58-59	0.05655091602267959
1123	60-61	0.05637137958086669
1123	62-63	0.07151749043225664
1123	64-65	0.05317963249695623
1123	66-67	0.04869979326171858
1123	68-69	0.08315453271987394
1123	70-71	0.0865149421288578
1123	72-73	0.04840507263501337
1123	74-75	-0.02662269960637076
1123	76-77	-0.09210648572928193
1123	78-79	-0.14906924020996826
1123	80-81	-0.22538731279009028
1123	82-83	-0.30616371468607895
1123	84-85	-0.4147395544762347
1123	86-87	-0.6036349359926163
1123	88-89	-0.6750450333806342
1123	90-91	-0.68743055414091
1123	92-93	-0.6969797041101486
1123	94-95	-0.6562991876109692
1123	96-97	-0.6457287462211454
1123	98-99	-0.5711271077320959
1123	100-101	-0.5457012270582666
1124	1	-0.0679908535061493
1124	2	0.027572778828965028
1124	3	0.14138311937861658
1124	4	0.048383025102971544
1124	5	0.034118179485616906
1124	6	0.017844280267951262
1124	7	0.02655933325111448
1124	8	-0.0038509934191637285
1124	9	0.03006075614924697
1124	10-11	0.0012068065367145664
1124	12-13	0.0018944548609098888
1124	14-15	-0.0023421928529216984
1124	16-17	0.020243803601374566
1124	18-19	0.015864497884237494
1124	20-21	0.007294587421476706
1124	22-23	-0.017169394597722487
1124	24-25	-0.026199339970382596
1124	26-27	0.003505989228088424
1124	28-29	-0.0016366216492968988
1124	30-31	-0.014987521317287644
1124	32-33	-0.007509525132284978
1124	34-35	-0.010150174835288794
1124	36-37	0.00956266967420305
1124	38-39	-0.024045517216279677
1124	40-41	-0.013023077794251492
1124	42-43	-0.017788095740314702
1124	44-45	0.010545645373333912
1124	46-47	-0.0077840863488063405
1124	48-49	-0.013021164761866544
1124	50-51	-0.041911464139388954
1124	52-53	-0.03268449599227807
1124	54-55	-0.0038369816783259125
1124	56-57	-0.046734569737559184
1124	58-59	-0.008455398152939608
1124	60-61	0.008481661922488115
1124	62-63	0.0019221806040334855
1124	64-65	0.011054308142767866
1124	66-67	0.026889234313031807
1124	68-69	0.010985772607384092
1124	70-71	0.037839321685353866
1124	72-73	0.0625413184382424
1124	74-75	0.12301938872380447
1124	76-77	0.17471348274296616
1124	78-79	0.08957172585390083
1124	80-81	0.01872782285714436
1124	82-83	-0.12306157078815261
1124	84-85	-0.40673455344505527
1124	86-87	-0.4731927194407888
1124	88-89	-0.7399795389033912
1124	90-91	-0.8754031851323347
1124	92-93	-0.7636449361217714
1124	94-95	-0.8318633647264804
1124	96-97	-0.8852129956782164
1124	98-99	-1.0670780221248322
1124	100-101	-0.979650150135221
1125	1	-0.0820448970445149
1125	2	0.013182541711891815
1125	3	0.04654961914622646
1125	4	0.009486065275801536
1125	5	-0.0034561016299079483
1125	6	-0.007443435936416165
1125	7	0.014722502938383286
1125	8	0.041004742840314634
1125	9	-0.033179639231534
1125	10-11	-0.00712213231837211
1125	12-13	-0.005322021540266064
1125	14-15	-0.03653437659928471
1125	16-17	-0.018114052357873334
1125	18-19	-0.036596950120348026
1125	20-21	-0.06494220991497457
1125	22-23	-0.02657283537648425
1125	24-25	-0.017117165917852617
1125	26-27	-0.009766152733909905
1125	28-29	-0.032507350560521786
1125	30-31	-0.018788761863767434
1125	32-33	-0.0038669084780167395
1125	34-35	-0.0019087769565118151
1125	36-37	-0.033329988817300205
1125	38-39	-0.05370327579873191
1125	40-41	-0.02869518940339333
1125	42-43	-0.03380596162872962
1125	44-45	-0.031448042296652545
1125	46-47	-0.005358647377548209
1125	48-49	-0.029046866816763384
1125	50-51	-0.014980930381732094
1125	52-53	-0.03175431963593667
1125	54-55	-0.007403507410877808
1125	56-57	0.0024287284395043685
1125	58-59	-0.0038797643535488646
1125	60-61	-0.0010171583505567128
1125	62-63	-0.0019731466046337687
1125	64-65	-0.0031814352700507698
1125	66-67	-0.03352707026878221
1125	68-69	-0.019387084758129447
1125	70-71	-0.013820956828936914
1125	72-73	0.02797772376307961
1125	74-75	0.06002166185866997
1125	76-77	0.0033066514901136657
1125	78-79	0.05127180150375921
1125	80-81	0.05840844616887608
1125	82-83	0.05765506582162061
1125	84-85	0.03818438453186701
1125	86-87	-0.07353731298019284
1125	88-89	-0.38090683160698546
1125	90-91	-0.5137117012497256
1125	92-93	-0.47874424853454656
1125	94-95	-0.6041951603266753
1125	96-97	-0.5266287936234448
1125	98-99	-0.6521447330962928
1125	100-101	-0.7044928894617613
1126	1	-0.07275324876454192
1126	2	0.011022108185581914
1126	3	0.09660197442825336
1126	4	0.04363220531973866
1126	5	0.028688497960523307
1126	6	0.029434124256177085
1126	7	0.029711320515680484
1126	8	0.04040993040851504
1126	9	0.005056174874255248
1126	10-11	0.005619498072526596
1126	12-13	0.006819685651123564
1126	14-15	0.018857775879119743
1126	16-17	0.014617179175459682
1126	18-19	0.011836161793659983
1126	20-21	-0.0012498043821551619
1126	22-23	0.017639923968737037
1126	24-25	-0.006849073361173907
1126	26-27	0.0023372470149709557
1126	28-29	0.014782973994684312
1126	30-31	0.008516440594398489
1126	32-33	0.008430550116806046
1126	34-35	0.008131670120228307
1126	36-37	0.01655009993768175
1126	38-39	0.00782913610289171
1126	40-41	0.0076441005771030746
1126	42-43	0.01480369426188588
1126	44-45	0.010095905100492075
1126	46-47	0.030143943695783548
1126	48-49	0.02414504135904849
1126	50-51	0.031517390022486325
1126	52-53	0.035162048843879745
1126	54-55	0.036956115796506595
1126	56-57	0.023729456766226065
1126	58-59	0.03428530150319631
1126	60-61	0.04454962351518077
1126	62-63	0.045648660708003774
1126	64-65	0.04598386373972829
1126	66-67	0.0745028853311851
1126	68-69	0.06604778498014952
1126	70-71	0.07443080558283555
1126	72-73	0.08175318441924873
1126	74-75	0.08003825481959836
1126	76-77	0.12185848988104198
1126	78-79	0.13150961977247277
1126	80-81	0.14522960220750747
1126	82-83	0.16608890551499655
1126	84-85	0.19524085013254222
1126	86-87	0.17835940279745444
1126	88-89	-0.05696023073078749
1126	90-91	-0.18813094062935676
1126	92-93	-0.304767934841891
1126	94-95	-0.34488889047830185
1126	96-97	-0.371159097218964
1126	98-99	-0.5038499709267015
1126	100-101	-0.5851873493032187
1127	1	-0.08716453760801812
1127	2	0.0014798173844141616
1127	3	0.09619740300108504
1127	4	0.03974261676367519
1127	5	0.040845715235214186
1127	6	0.05372439849640642
1127	7	0.02688866029440362
1127	8	-0.0016956690256861862
1127	9	0.04033647886806335
1127	10-11	0.003558015222125732
1127	12-13	0.010673884638819686
1127	14-15	-4.917740799825765E-4
1127	16-17	0.004484158128605031
1127	18-19	0.005808010262001062
1127	20-21	0.004807889129892828
1127	22-23	0.003274534927228956
1127	24-25	-0.013513460208955053
1127	26-27	0.007032567345035545
1127	28-29	0.0025819343571384934
1127	30-31	0.017782608519155474
1127	32-33	0.015063454182907776
1127	34-35	0.002743558101926169
1127	36-37	-0.025701338720423905
1127	38-39	0.0029249807407936146
1127	40-41	-0.008968321109364297
1127	42-43	-0.005893492072864603
1127	44-45	-0.018521007131795386
1127	46-47	-0.006791539739950281
1127	48-49	0.001842089379238132
1127	50-51	0.01255786763948663
1127	52-53	0.017332058158764596
1127	54-55	0.03336208266363627
1127	56-57	0.04282496034706185
1127	58-59	0.02078115434060379
1127	60-61	0.02037149411093253
1127	62-63	0.0254069105656356
1127	64-65	0.027366761564259434
1127	66-67	0.004930816229112622
1127	68-69	0.02727479467006333
1127	70-71	0.06528752279810135
1127	72-73	0.02862738017000055
1127	74-75	0.047848480126837956
1127	76-77	0.06144530962251338
1127	78-79	0.05839697063018434
1127	80-81	0.08187620858426214
1127	82-83	0.12792278502440269
1127	84-85	0.12919680092275598
1127	86-87	0.16787420942241482
1127	88-89	0.1283253065214538
1127	90-91	-0.06084517603932227
1127	92-93	-0.25856775135473953
1127	94-95	-0.3207665271595346
1127	96-97	-0.34019221458129323
1127	98-99	-0.44826481777525373
1127	100-101	-0.6002652213994892
1128	1	-0.004635484641489995
1128	2	0.03757518968383877
1128	3	0.14235735083660472
1128	4	0.07822599441551148
1128	5	0.047579067334282854
1128	6	0.10229643493207874
1128	7	0.058543661449917295
1128	8	0.096609197717612
1128	9	0.020333884766564836
1128	10-11	0.026603221890077577
1128	12-13	0.048421167880952964
1128	14-15	0.036031418106425406
1128	16-17	0.046788187101029166
1128	18-19	0.04484772221449873
1128	20-21	0.005659569259528041
1128	22-23	0.022841901040855817
1128	24-25	0.052157344076491086
1128	26-27	0.0447250111177695
1128	28-29	0.06464032200592129
1128	30-31	0.08261752207705086
1128	32-33	0.06583953696638645
1128	34-35	0.07394477956871981
1128	36-37	0.040918060691780056
1128	38-39	0.06698215265773655
1128	40-41	0.07101395601488036
1128	42-43	0.06674611783287787
1128	44-45	0.0365974858657907
1128	46-47	0.06658218902303759
1128	48-49	0.04892818910561658
1128	50-51	0.06397629943558059
1128	52-53	0.0769468234561117
1128	54-55	0.06250526824719316
1128	56-57	0.0720029069967012
1128	58-59	0.08515934734861474
1128	60-61	0.07406318063665651
1128	62-63	0.08808821870362493
1128	64-65	0.09794444299163985
1128	66-67	0.11505443204418242
1128	68-69	0.10007577370191711
1128	70-71	0.10835580096826902
1128	72-73	0.12811960120324528
1128	74-75	0.14875518847667735
1128	76-77	0.14127665427377423
1128	78-79	0.15441553366196104
1128	80-81	0.1623777811243201
1128	82-83	0.24143697359441063
1128	84-85	0.2424792690265889
1128	86-87	0.24900749629556884
1128	88-89	0.31096857904669406
1128	90-91	0.24650602324543058
1128	92-93	0.01169614909128569
1128	94-95	-0.058323616289669644
1128	96-97	-0.0923565609818624
1128	98-99	-0.21025579738917344
1128	100-101	-0.2679942501128636
>>END_MODULE
>>Per sequence quality scores	pass
#Quality	Count
12	15.0
13	121.0
14	206.0
15	245.0
16	338.0
17	562.0
18	848.0
19	1524.0
20	3097.0
21	6647.0
22	13956.0
23	28634.0
24	54402.0
25	92497.0
26	143064.0
27	206754.0
28	287723.0
29	387744.0
30	508140.0
31	649458.0
32	814724.0
33	1036576.0
34	1250157.0
35	1530898.0
36	1936951.0
37	2586366.0
38	3863597.0
39	7839719.0
40	6.1009395E7
>>END_MODULE
>>Per base sequence content	fail
#Base	G	A	T	C
1	31.920684062116223	9.689705895787231	9.983178548856596	48.40643149323995
2	22.18564053387007	12.842641326636183	38.45277771863148	26.518940420862265
3	24.069784022329145	14.41920903367396	22.572503608656064	38.938503335340826
4	26.301453747947377	21.91571977796092	20.951842040028364	30.830984434063343
5	27.33640318047406	24.986407231303097	25.704104231617315	21.97308535660553
6	24.233830136121863	27.862807998608215	26.18581462575503	21.717547239514897
7	19.624037726333395	21.063935945010705	40.04747030414735	19.264556024508547
8	21.28602534719925	21.811176817702417	33.336650669155894	23.566147165942443
9	20.93224909666234	20.87905694747219	34.74624074486577	23.4424532109997
10-11	24.30130498412913	28.1707843527809	24.97877261138231	22.54913805170766
12-13	24.541348353755186	22.35666373483019	27.91239475114154	25.189593160273088
14-15	23.598256484252126	24.06328940278674	28.134923299753822	24.203530813207312
16-17	24.474388612634137	24.226996068262725	26.995600037685886	24.303015281417252
18-19	24.193099898761318	24.326951728716516	26.816711368211955	24.663237004310208
20-21	24.163245063240527	24.345861136346205	27.081817536370046	24.409076264043218
22-23	24.295265533920514	24.540144855177697	26.767356057712767	24.397233553189025
24-25	24.25357074085229	24.33236375334371	26.692774453108655	24.721291052695346
26-27	24.102934236351313	24.512459046925503	26.861391549621683	24.523215167101505
28-29	24.207158366271763	24.5582858687399	26.530136098878614	24.704419666109718
30-31	24.175204441694756	24.179087955001	26.42037184734859	25.22533575595566
32-33	24.0566909711526	24.397801204678597	26.81223431659892	24.73327350756988
34-35	24.402501067799825	24.448279389381284	26.451392517020007	24.697827025798887
36-37	24.35337291395657	24.21231908265208	26.36318052533259	25.071127478058763
38-39	24.20467259390903	24.437498532716848	26.60434134457472	24.7534875287994
40-41	24.400752658990054	24.355147896326027	26.402153583557066	24.841945861126852
42-43	24.355547875636297	24.095707310475266	26.456334163747353	25.09241065014109
44-45	24.307524840436148	24.252528278715268	26.734963074550993	24.70498380629759
46-47	24.43928004293855	24.347354234186913	26.246875562211276	24.966490160663263
48-49	24.45836688946108	24.049396352886575	26.204505647055075	25.28773111059727
50-51	24.350691747007318	24.284578252913636	26.48566973829413	24.879060261784915
52-53	24.546193207003014	24.43196825498332	26.136507383986	24.885331154027664
54-55	24.403829651161782	24.168716590303852	26.163578387244968	25.2638753712894
56-57	24.399092804196552	24.238360465579714	26.429410927325563	24.93313580289817
58-59	24.58503689506482	24.155628839994247	26.223561041198607	25.035773223742325
60-61	24.58847410599224	24.04870024646084	26.073911808811122	25.288913838735795
62-63	24.371836053869167	24.287041626974357	26.417209184597905	24.92391313455857
64-65	24.624480552092034	24.279662780173343	26.122052938792795	24.97380372894183
66-67	24.455172395948942	24.087880415633812	26.06036236131548	25.396584827101766
68-69	24.432282778773295	24.28017729361845	26.282984080182537	25.00455584742572
70-71	24.578303712194923	24.395166597791892	26.03576422717505	24.990765462838134
72-73	24.44237780554924	24.20148640857248	25.935823402749094	25.42031238312919
74-75	24.386587219618956	24.40096629779079	26.135525238943725	25.07692124364653
76-77	24.71242674473883	24.45134885485686	25.80483729992934	25.031387100474966
78-79	24.70920673325883	24.17353770590715	25.86532734603473	25.251928214799285
80-81	24.554494854734994	24.21197132615977	26.185251450138637	25.0482823689666
82-83	24.573086771369145	24.324255725739434	25.84737100483277	25.255286498058656
84-85	24.61630174667048	24.167383721563695	25.760282334594493	25.45603219717133
86-87	24.49945319148951	24.365519466660704	26.085041203447307	25.04998613840248
88-89	24.7131875362459	24.430704225412292	25.727060314197637	25.12904792414417
90-91	24.571018629089785	24.324083034375505	25.663363905757848	25.441534430776862
92-93	24.514893935812793	24.312518647403376	26.041979929394277	25.130607487389554
94-95	24.685624570304128	24.389928293086037	25.658742186368567	25.26570495024127
96-97	24.546105971159378	24.25018359287718	25.69802146020744	25.50568897575601
98-99	24.570432309269986	24.45752598340373	25.789374598284876	25.18266710904141
100-101	24.69143791944863	24.447477245034612	25.529968432018673	25.331116403498083
>>END_MODULE
>>Per sequence GC content	pass
#GC Content	Count
0	625.0
1	2556.0
2	3110.0
3	1885.5
4	2413.5
5	3340.5
6	5050.0
7	6991.5
8	8964.5
9	10521.0
10	10462.5
11	9121.0
12	8174.0
13	8012.0
14	8032.0
15	8387.5
16	9089.0
17	10714.0
18	13147.5
19	16992.0
20	24643.0
21	37188.5
22	51980.0
23	70709.0
24	98217.0
25	134226.5
26	175786.5
27	228335.5
28	290013.0
29	370088.0
30	465116.0
31	561652.5
32	670196.0
33	798383.5
34	947338.5
35	1103204.0
36	1281341.5
37	1476821.5
38	1654652.5
39	1811932.5
40	1967054.0
41	2112081.5
42	2241593.5
43	2412740.0
44	2610263.0
45	2775394.5
46	2907856.5
47	3045357.0
48	3209628.0
49	3313398.0
50	3344030.0
51	3397577.0
52	3437332.0
53	3431771.5
54	3389496.5
55	3285467.5
56	3135892.5
57	2938908.5
58	2744342.5
59	2514064.5
60	2247565.0
61	1993004.5
62	1684336.0
63	1384794.5
64	1129221.0
65	886819.0
66	681587.5
67	536427.0
68	437730.5
69	362465.5
70	311373.5
71	262451.0
72	242028.0
73	229558.0
74	183616.0
75	147733.0
76	142816.5
77	135132.0
78	106540.5
79	81400.0
80	73886.5
81	74769.0
82	64308.5
83	67361.5
84	60354.0
85	37159.5
86	29018.5
87	21432.5
88	12815.5
89	6629.0
90	3242.5
91	1623.5
92	855.0
93	350.0
94	207.0
95	151.0
96	90.0
97	53.0
98	29.0
99	20.0
100	30.0
>>END_MODULE
>>Per base N content	pass
#Base	N-Count
1	0.9991364482297758
2	0.0
3	0.0
4	0.0
5	0.0
6	0.0
7	0.0
8	0.0
9	0.014958276698280698
10-11	0.0
12-13	0.0
14-15	0.0
16-17	0.0
18-19	0.0
20-21	0.0
22-23	0.0
24-25	8.236962650644137E-4
26-27	0.0
28-29	7.536702137116753E-5
30-31	8.925354341908344E-4
32-33	0.004257939986914386
34-35	5.987820831772287E-4
36-37	0.0
38-39	0.0
40-41	0.0
42-43	0.0
44-45	0.0
46-47	0.0
48-49	0.0
50-51	0.0
52-53	0.0
54-55	0.0
56-57	0.0
58-59	0.0
60-61	0.0
62-63	0.0
64-65	0.0
66-67	0.0
68-69	0.0
70-71	0.0
72-73	0.0
74-75	0.0
76-77	0.0
78-79	0.0
80-81	0.0
82-83	0.0
84-85	0.0
86-87	0.0
88-89	0.0
90-91	0.0
92-93	0.0
94-95	0.0
96-97	0.0
98-99	0.0
100-101	0.0
>>END_MODULE
>>Sequence Length Distribution	pass
#Length	Count
101	8.4254358E7
>>END_MODULE
>>Sequence Duplication Levels	fail
#Total Deduplicated Percentage	31.235591379798976
#Duplication Level	Percentage of deduplicated	Percentage of total
1	65.8589727737119	20.57143962252971
2	13.698095259442148	8.557362124109927
3	5.901471134244307	5.530078226668019
4	3.381158735322	4.224499705870235
5	2.2178825074099415	3.463843586493045
6	1.6079700163537742	3.0135536629077095
7	1.1399556284025774	2.492503173991941
8	0.840376437844305	2.0999724014172596
9	0.6611751029714664	1.8586975812221918
>10	4.213150621943655	24.294254748428926
>50	0.3014431115470303	6.4574131096934675
>100	0.15824657808528755	9.210104068792905
>500	0.012457004039720738	2.6465186752087826
>1k	0.007053627424042433	4.0270108859975
>5k	4.5920728356717993E-4	0.941099525943476
>10k+	1.3225397428406487E-4	0.611648900724983
>>END_MODULE
>>Overrepresented sequences	pass
>>END_MODULE
>>Adapter Content	pass
#Position	Illumina Universal Adapter	Illumina Small RNA 3' Adapter	Illumina Small RNA 5' Adapter	Nextera Transposase Sequence	SOLID Small RNA Adapter
1	6.053099354219755E-5	0.0	0.0	1.3055704489493588E-5	9.020304920013751E-5
2	9.495057810540791E-5	2.9672055657939974E-5	0.0	2.7298291205304775E-5	1.5548157164760546E-4
3	1.3649145602652387E-4	3.441958456321037E-5	0.0	3.085893788425757E-5	0.0013530457380020627
4	2.136388007371678E-4	3.9167113468480766E-5	0.0	5.222281795797435E-5	0.0014871634295759515
5	2.9672055657939975E-4	4.2727760147433564E-5	0.0	5.459658241060955E-5	0.0015738058320971362
6	4.32025130379606E-4	4.984905350533915E-5	0.0	6.171787576851514E-5	0.0016117860633392993
7	5.234150618060611E-4	5.340970018429195E-5	0.0	7.121293357905594E-5	0.0016295892967340634
8	5.82759173121941E-4	5.578346463692715E-5	0.0	9.257681365277271E-5	0.0017387824615552824
9	6.741491045483962E-4	5.578346463692715E-5	0.0	9.96981070106783E-5	0.0018871427398449822
10-11	8.43279821798654E-4	5.815722908956235E-5	0.0	1.068194003685839E-4	0.0020366899003609997
12-13	0.0010705677681384742	6.409164022115034E-5	5.934411131587995E-7	1.2343575153703028E-4	0.0021310470373532486
14-15	0.00134948509132311	7.358669803169112E-5	1.186882226317599E-6	1.4242586715811187E-4	0.0021684338274822533
16-17	0.0016687564102025442	1.0266531257647231E-4	1.186882226317599E-6	1.5726189498708185E-4	0.002186830501990176
18-19	0.001994555581326725	1.4064554381863547E-4	1.186882226317599E-6	1.7387824615552823E-4	0.0022236238510060214
20-21	0.002298990872377189	1.4895371940285866E-4	1.186882226317599E-6	1.8930771509765703E-4	0.0022995843134903477
22-23	0.0026876948014962028	1.5963565943971706E-4	1.186882226317599E-6	2.373764452635198E-4	0.0023179809879982707
24-25	0.0032864768846734313	1.7803233394763984E-4	1.186882226317599E-6	3.133369077478461E-4	0.0023268826046956527
26-27	0.004101864974153622	1.8930771509765703E-4	1.186882226317599E-6	3.6734004904529687E-4	0.00233815798584567
28-29	0.005556389142505839	2.04143742926627E-4	1.186882226317599E-6	3.7208757795056724E-4	0.0023660497181641335
30-31	0.007718888558856505	2.142322418503266E-4	1.186882226317599E-6	3.7446134240320245E-4	0.0024265807117063313
32-33	0.010430914445992218	2.2194697632139102E-4	1.186882226317599E-6	3.8633016466637846E-4	0.0024722756774195583
34-35	0.01373163391738146	2.450911797345842E-4	1.186882226317599E-6	3.9701210470323683E-4	0.0025132231142275157
36-37	0.017752790900145483	2.6230097201618936E-4	1.186882226317599E-6	4.189694258901124E-4	0.002563072167732855
38-39	0.02263621782032925	2.7238947093988897E-4	1.186882226317599E-6	4.545758926796404E-4	0.002653868658046151
40-41	0.028667953294475284	2.7595011761884176E-4	1.186882226317599E-6	4.729725671875632E-4	0.002704904593777808
42-43	0.035910308639465274	2.7951076429779455E-4	1.186882226317599E-6	4.860282716770568E-4	0.002772556880677911
44-45	0.043977547131745995	2.90192704334653E-4	1.186882226317599E-6	4.907758005823271E-4	0.0028212190519569325
46-47	0.053169356533462636	2.996877621451937E-4	1.186882226317599E-6	4.931495650349624E-4	0.0028479239020490783
48-49	0.06456995375835634	3.020615265978289E-4	1.186882226317599E-6	4.984905350533915E-4	0.0029102352189307526
50-51	0.07881313391528068	3.032484088241465E-4	1.186882226317599E-6	5.038315050718207E-4	0.003061562702786246
52-53	0.09606506051592015	3.0502873216362296E-4	2.373764452635198E-6	5.127331217692028E-4	0.00316838210315483
54-55	0.11606580635271116	3.097762610688933E-4	3.560646678952797E-6	5.257888262586964E-4	0.0032087360988496284
56-57	0.13933225863521503	3.382614345005157E-4	3.560646678952797E-6	5.447789418797778E-4	0.003252057300110221
58-59	0.16663114328163298	3.560646678952797E-4	3.560646678952797E-6	5.649559397271771E-4	0.00327757526797605
60-61	0.1994828564238778	3.602187556873913E-4	4.747528905270396E-6	5.815722908956234E-4	0.003298939148049766
62-63	0.23830696092895276	3.6140563791370886E-4	4.747528905270396E-6	5.928476720456406E-4	0.003329798085934024
64-65	0.2837206355545431	3.637794023663441E-4	4.747528905270396E-6	5.999689654035462E-4	0.0033873618739104273
66-67	0.3347678466673498	3.7030725461109084E-4	4.747528905270396E-6	6.053099354219754E-4	0.003430089634057861
68-69	0.39167410189037344	3.8098919464794927E-4	4.747528905270396E-6	6.106509054404046E-4	0.003492400950939535
70-71	0.45625295726542714	4.0532028028746005E-4	4.747528905270396E-6	6.130246698930399E-4	0.003553525385594891
72-73	0.5298307536804209	4.154087792111596E-4	4.747528905270396E-6	6.159918754588339E-4	0.00359862691019496
74-75	0.6129593913705924	4.1659566143747724E-4	4.747528905270396E-6	6.243000510430571E-4	0.0036461021992476635
76-77	0.7059593285370473	4.189694258901124E-4	4.747528905270396E-6	6.421032844378209E-4	0.0037837805375005055
78-79	0.8089854533103201	4.237169547953828E-4	4.747528905270396E-6	6.492245777957265E-4	0.0038656754111164194
80-81	0.9227593900840121	4.427070704164644E-4	4.747528905270396E-6	6.545655478141558E-4	0.003921458875753347
82-83	1.0472823257403494	4.516086871138464E-4	4.747528905270396E-6	6.676212523036494E-4	0.003984957074861338
84-85	1.1851535323549673	4.569496571322756E-4	4.747528905270396E-6	7.002605135273835E-4	0.004038960216158789
86-87	1.3367284811546485	4.569496571322756E-4	4.747528905270396E-6	7.376473036563877E-4	0.004095930563022034
88-89	1.500308743673532	4.5991686269806955E-4	4.747528905270396E-6	7.489226848064049E-4	0.004121448530887862
>>END_MODULE
>>Kmer Content	fail
#Sequence	Count	PValue	Obs/Exp Max	Max Obs/Exp Position
TATGCCG	16950	0.0	17.750751	48-49
ACGACTT	21815	0.0	14.052285	1
CCCCCGT	14775	0.0	13.507257	1
TCGTATG	25535	0.0	13.242927	44-45
TCGACCG	20555	0.0	13.021217	30-31
CGATCCG	20975	0.0	12.714159	82-83
ACGTTCG	16695	0.0	12.68974	6
CTCGTTT	47115	0.0	12.6870365	1
CTCCGAT	30105	0.0	12.381799	1
CGTATGC	24900	0.0	12.226398	46-47
GTTCGAC	22435	0.0	11.930071	28-29
CGACCGT	21220	0.0	11.73979	32-33
CTCCCGT	29780	0.0	11.453711	1
CCCGAAT	16435	0.0	11.442415	1
ATGCCGT	29850	0.0	11.408135	48-49
GTCGGTT	19905	0.0	11.375779	1
CGACTTT	35245	0.0	11.373256	2
GTATGCC	30220	0.0	11.315609	46-47
TTACGAC	9555	0.0	11.284945	5
GTCCGTT	15455	0.0	11.267795	1
>>END_MODULE
